32625.0 76125.0
39875.0 61625.0
39875.0 68875.0
47125.0 47125.0
47125.0 54375.0
47125.0 61625.0
54375.0 25375.0
54375.0 32625.0
54375.0 39875.0
54375.0 47125.0
83375.0 141375.0
90625.0 97875.0
90625.0 126875.0
90625.0 141375.0
97875.0 119625.0
97875.0 141375.0
105125.0 83375.0
105125.0 97875.0
105125.0 119625.0
105125.0 141375.0
112375.0 3625.0
112375.0 68875.0
112375.0 83375.0
112375.0 119625.0
112375.0 141375.0
119625.0 83375.0
119625.0 90625.0
119625.0 97875.0
119625.0 105125.0
119625.0 119625.0
119625.0 126875.0
119625.0 134125.0
119625.0 141375.0
126875.0 18125.0
126875.0 32625.0
126875.0 39875.0
126875.0 47125.0
126875.0 76125.0
126875.0 83375.0
126875.0 90625.0
134125.0 18125.0
134125.0 25375.0
134125.0 32625.0
134125.0 39875.0
134125.0 47125.0
134125.0 54375.0
134125.0 83375.0
134125.0 105125.0
141375.0 18125.0
141375.0 25375.0
141375.0 32625.0
141375.0 68875.0
141375.0 76125.0
141375.0 83375.0
141375.0 97875.0
155875.0 32625.0
155875.0 47125.0
