39.476491 35.953309 35.940185 47.422615 
37.750289 33.139612 33.139323 44.217733 
37.945206 33.371092 33.375193 44.496594 
37.385286 34.145989 34.160203 45.430506 
38.890067 34.325031 34.237833 45.494545 
43.520059 38.878507 38.912325 50.725507 
36.292115 32.779664 32.780386 43.840446 
39.182095 36.069333 36.029451 47.656759 
40.44313 36.980508 36.941904 48.614307 
38.879013 35.328229 35.208841 46.595322 
40.159097 36.658994 36.670116 48.266074 
41.670346 37.923222 37.946115 49.686214 
41.640764 37.7375 37.477914 49.148526 
34.899807 31.539919 31.480313 42.286444 
42.12051 38.655881 38.652883 50.343643 
40.193636 36.629395 36.643226 48.215439 
39.585436 36.507081 36.550327 48.277654 
36.910981 33.442916 33.387722 44.534708 
37.824683 33.823971 33.748712 44.938056 
36.561687 33.429078 33.464446 44.58657 
37.758234 34.316418 34.360562 45.574127 
42.322713 37.647861 37.634999 49.376062 
38.839641 34.687928 34.531228 45.783836 
41.371511 36.828065 36.871034 48.479543 
37.996261 34.400594 34.443039 45.687661 
40.793576 36.849528 36.710035 48.285174 
41.07722 36.504035 36.531753 48.135324 
43.507875 38.833926 38.809387 50.607159 
36.632204 33.267493 33.127833 44.188544 
37.793172 33.084455 33.089895 44.160989 
38.090382 33.860755 33.661546 44.839551 
41.024148 36.534592 36.467524 48.0072 
40.000653 36.455272 36.432604 48.048403 
41.215952 37.725435 37.714498 49.432444 
41.943687 38.411071 38.445882 50.12846 
41.894504 37.994691 37.950486 49.61719 
38.40193 34.686034 34.491564 45.710443 
37.510753 34.157684 33.998595 45.173769 
39.054842 35.520649 35.341087 46.732959 
42.448592 37.864238 37.818668 49.49384 
42.44763 37.78315 37.773752 49.436882 
41.871449 38.088111 38.093525 49.798299 
42.411859 37.765849 37.752553 49.518632 
37.338798 34.01355 33.851111 45.024512 
39.359283 35.855987 35.909189 47.258999 
36.660112 33.333382 33.171374 44.281932 
40.972685 37.366585 37.178859 48.833473 
38.628371 35.120977 35.072531 46.441017 
39.253125 36.08388 36.119108 47.614297 
40.393308 36.706901 36.552302 48.056974 
44.890524 40.130605 40.086534 51.999634 
45.938203 40.792557 40.846991 52.860072 
44.762431 40.729505 40.668529 52.70509 
44.843201 40.130029 40.129341 52.035427 
44.463711 40.422934 40.40222 52.384225 
43.374952 38.638908 38.447819 50.125546 
46.894501 42.105514 42.117194 54.168123 
40.956612 36.696581 36.504886 48.083799 
42.554504 38.180278 38.237989 49.928524 
42.0824 37.99259 37.881516 49.523123 
44.866709 40.168887 39.901219 51.787063 
46.640726 42.33725 42.27287 54.346639 
44.776684 40.581621 40.592338 52.525236 
43.97833 39.358298 39.331239 51.211645 
41.300888 37.219602 37.215147 48.78736 
45.000618 40.5305 40.570802 52.662707 
43.292521 38.885639 38.856144 50.738809 
43.407564 38.742686 38.729869 50.498307 
38.690903 26.676784 26.271851 47.12197 
45.040479 40.262991 40.260339 52.248218 
44.57457 40.178021 40.186207 52.154921 
44.237867 40.067139 40.086866 52.063954 
44.972541 41.007564 41.01213 52.989869 
44.012253 40.171236 40.113142 52.081857 
43.429418 39.303409 39.347315 51.122909 
42.061841 37.523193 37.439437 49.154525 
43.207953 39.004479 38.943464 50.787221 
44.516316 39.678187 39.476759 51.362602 
45.084189 40.904109 40.908813 52.888538 
45.930499 41.642215 41.68226 53.746731 
44.700541 40.124398 40.069046 51.949452 
42.533561 38.383836 38.165124 49.851198 
42.837714 38.95393 38.906574 50.734347 
44.864419 40.92827 40.914395 52.968536 
46.514079 41.89788 41.879168 54.03823 
43.619802 39.508232 39.455231 51.312173 
42.507219 38.534807 38.49281 50.297317 
40.506927 36.82592 36.637236 48.250776 
44.746695 40.047722 40.067518 51.913783 
44.523472 40.142346 40.153647 52.171208 
43.7276 39.152284 38.897207 50.734506 
45.442231 41.092116 41.137026 53.355165 
45.602355 41.43364 41.450246 53.494752 
43.741952 39.539808 39.564174 51.47769 
44.732927 40.614811 40.594415 52.539519 
45.642899 40.689535 40.629431 52.598146 
44.560315 40.090205 39.977187 51.910604 
44.335696 39.653828 39.657651 51.538058 
43.983455 39.906428 39.872118 52.025056 
44.133011 39.560919 39.577954 51.387235 
32.905146 30.837991 30.861289 41.705367 
34.030673 30.764817 30.661505 41.379683 
32.148722 29.842777 29.863991 40.359536 
33.018199 29.807138 29.640763 40.11926 
24.377939 24.338041 24.249295 33.401624 
28.169105 27.588036 27.638574 37.687083 
31.410071 29.532656 29.477197 40.024706 
25.857277 25.924808 25.899362 35.538696 
30.43777 28.308839 28.300032 38.548537 
24.72178 24.306897 24.18193 33.341363 
27.599041 27.535669 27.522696 37.611506 
33.814043 31.573666 31.890965 42.855879 
27.644077 26.343675 26.334278 36.099066 
23.647712 22.849728 22.94971 31.567504 
27.878157 26.175825 25.940785 35.588848 
25.243642 23.597799 23.724175 32.528765 
36.104711 32.777507 32.778999 43.825313 
35.00847 31.686734 31.703805 42.58905 
30.495243 29.226523 29.18938 39.745725 
31.269256 29.186391 29.232059 39.579703 
30.600825 27.859668 27.754302 37.834032 
32.555539 30.749847 30.767542 41.494956 
31.213792 28.728967 28.73018 38.991974 
31.748592 29.119839 29.026492 39.469339 
23.558711 23.6773 23.549992 32.533064 
32.81103 30.542723 30.534043 41.204735 
26.76057 25.906636 25.859973 35.451208 
34.530584 31.142581 31.140281 41.916089 
24.557353 23.080079 23.193634 31.875184 
32.591927 30.424883 30.449312 41.087243 
32.715867 29.314569 29.319158 39.73559 
25.506007 25.576557 25.516417 35.162181 
23.004195 22.906551 22.885755 31.6478 
34.53903 32.096743 32.009919 43.012999 
30.326693 28.559541 28.553787 38.875366 
27.731197 25.43512 25.366466 34.854871 
29.379416 26.141852 26.277981 35.848484 
35.86186 32.477545 32.47001 43.488907 
25.970769 23.633369 23.642488 32.596886 
32.227027 29.92427 29.923318 40.491297 
34.72566 31.252155 31.286372 42.059843 
30.686535 29.25839 29.19678 39.796043 
29.131083 26.817678 26.709256 36.57526 
24.009567 23.768456 23.762657 32.722544 
28.117734 28.02159 28.002372 38.210232 
32.712004 30.391416 30.455893 41.210667 
34.825722 31.367574 31.381647 42.153505 
33.248337 31.02608 31.09297 41.890808 
28.766603 26.81986 26.661621 36.466158 
34.334442 31.058343 31.072415 41.89571 
19.724192 19.313525 19.319557 26.631909 
21.09431 20.701569 20.889987 28.641532 
17.467974 17.362605 17.339706 23.645461 
10.933735 10.935472 10.934165 12.182264 
21.665813 21.141434 21.10621 29.149469 
16.260873 15.987197 16.012021 21.48243 
21.790976 21.770493 21.93307 30.137617 
20.585505 20.205635 20.342099 27.938721 
13.337581 13.361442 13.337043 16.990455 
10.259368 10.241235 10.212837 10.551185 
12.524508 12.63092 12.683633 15.381797 
16.283255 17.173674 17.029208 22.730434 
24.580351 23.957172 23.910417 32.987 
10.0 10.0 10.0 10.0 
18.361658 17.737302 17.72004 24.333367 
12.597845 12.672994 12.798942 15.887168 
17.769153 17.317381 17.302831 23.599583 
19.185255 18.608841 18.737126 25.59984 
10.0 10.0 10.0 10.0 
21.209996 20.628696 20.607735 28.496981 
16.011769 15.534472 15.53384 20.948799 
10.0 10.0 10.0 10.0 
10.48796 10.49596 10.484331 11.108417 
12.56634 12.651781 12.690444 15.463701 
10.0 10.0 10.0 10.0 
17.63634 17.432552 17.416537 23.804352 
10.0 10.0 10.0 10.0 
10.0 10.0 10.0 10.0 
10.0 10.0 10.0 10.0 
10.0 10.0 10.0 10.0 
11.107355 11.118064 11.112728 12.632792 
22.985815 22.686252 22.819208 31.339426 
19.100093 18.692271 18.662343 25.676972 
10.0 10.0 10.0 10.0 
13.557813 13.592566 13.573566 17.301278 
17.952562 17.906153 17.847282 24.465011 
21.447758 21.081858 21.095694 29.065001 
23.030039 22.586346 22.544697 31.211872 
10.0 10.0 10.0 10.0 
10.0 10.0 10.0 10.0 
10.0 10.0 10.0 10.0 
10.0 10.0 10.0 10.0 
17.705942 17.318173 17.422791 23.537142 
20.205684 19.725962 19.632876 27.132825 
19.981 19.528521 19.406878 26.787856 
18.932508 18.512254 18.497314 25.445646 
10.0 10.0 10.0 10.0 
10.0 10.0 10.0 10.0 
10.0 10.0 10.0 10.0 
10.0 10.0 10.0 10.0 
18.924753 18.37979 18.403352 25.246546 
13.977005 13.642491 13.633823 17.667773 
10.0 10.0 10.0 10.0 
19.864604 19.123944 19.149107 26.368389 
20.942706 20.935821 20.955196 28.977247 
10.0 10.0 10.0 10.0 
10.0 10.0 10.0 10.0 
10.0 10.0 10.0 10.0 
10.0 10.0 10.0 10.0 
10.0 10.0 10.0 10.0 
15.090493 14.25058 14.222139 18.579169 
10.0 10.0 10.0 10.0 
10.0 10.0 10.0 10.0 
15.682701 15.462401 15.41622 20.433593 
22.567944 21.50359 21.396252 29.371246 
16.936717 16.973776 16.933981 22.78802 
10.031482 10.039114 10.031566 10.063196 
14.841851 15.12499 15.043811 19.623434 
17.929443 16.533802 16.758595 23.027225 
10.0 10.0 10.0 10.0 
10.0 10.0 10.0 10.0 
11.041633 10.889054 10.893026 11.996856 
20.389588 20.426645 20.389214 28.192846 
10.0 10.0 10.0 10.0 
24.056975 23.030824 23.018848 31.57535 
14.186197 14.176539 14.178647 18.770331 
10.0 10.0 10.0 10.0 
10.0 10.0 10.0 10.0 
19.749803 19.183027 19.182775 26.435207 
11.504733 11.499564 11.505285 13.503227 
10.0 10.0 10.0 10.0 
12.801948 13.015155 13.032587 16.247219 
17.421743 16.858671 16.837589 23.15821 
21.857964 21.436471 21.359732 29.430585 
10.0 10.0 10.0 10.0 
13.597774 13.449067 13.451899 17.102626 
10.074001 10.077456 10.078325 10.172833 
10.0 10.0 10.0 10.0 
12.944636 12.88295 12.846822 15.819362 
19.085483 18.341342 18.327605 24.864465 
14.353778 13.923553 13.93403 17.972975 
10.0 10.0 10.0 10.0 
19.400143 18.638249 18.603373 25.265311 
10.0 10.0 10.0 10.0 
17.053591 16.458393 16.441852 22.458446 
10.0 10.0 10.0 10.0 
10.0 10.0 10.0 10.0 
10.0 10.0 10.0 10.0 
10.0 10.0 10.0 10.0 
13.310639 13.613281 13.539633 17.039833 
37.603772 34.443039 34.472407 45.784586 
40.030712 35.497061 35.363983 46.749256 
37.016321 33.886923 33.883889 45.063778 
39.510278 35.673379 35.567815 47.029015 
43.518634 38.930753 38.89258 50.663757 
42.88567 38.712424 38.654767 50.441066 
42.732598 39.173058 39.169633 51.041402 
41.598469 36.94609 36.961029 48.525758 
43.502153 39.317046 39.370768 51.22771 
39.52943 35.496684 35.489533 46.845152 
40.5893 37.480778 37.606131 49.57677 
42.222377 37.610031 37.567841 49.261139 
38.63132 35.29322 35.244671 46.6649 
38.36028 34.811865 34.836589 46.226976 
37.540431 34.370353 34.41147 45.666239 
40.845263 37.460944 37.494593 49.137823 
38.021882 34.626901 34.628066 45.992339 
41.398671 38.028513 38.048467 50.008871 
36.822276 33.723682 33.655024 44.857534 
42.464562 38.125361 38.12704 49.817799 
36.740549 33.394293 33.237058 44.34506 
40.445908 35.974097 35.783622 47.24347 
36.272057 32.887471 32.704318 43.722837 
41.385 37.900902 37.862651 49.588705 
38.688013 35.217025 35.136595 46.48718 
42.37826 38.78641 38.763388 50.532472 
42.300806 38.313265 38.28845 49.960853 
40.418879 36.925932 36.894889 48.439143 
40.576433 36.259993 36.251 47.840338 
39.704107 36.56623 36.519153 48.088945 
44.057085 39.383327 39.354289 51.191588 
39.321326 34.888707 34.745404 46.078089 
36.937984 33.690346 33.47974 44.599728 
39.132759 35.122505 34.955536 46.327014 
39.315358 35.887749 35.883222 47.361144 
38.276855 34.783963 34.833738 46.126904 
37.506002 34.177926 34.187456 45.452438 
38.79721 34.392172 34.293774 45.531935 
39.270782 35.572999 35.572069 46.947256 
37.885696 34.480559 34.513615 45.740267 
36.805107 33.47932 33.482322 44.664439 
40.832139 36.807953 36.581481 48.107798 
38.352681 34.819533 34.793581 46.131712 
38.063049 33.876383 33.755969 44.940348 
40.050772 36.635457 36.654879 48.399241 
41.304144 36.636008 36.564909 48.116333 
39.947752 36.444208 36.49629 48.439067 
42.505922 39.130116 39.18631 51.184031 
36.622515 33.339705 33.187961 44.252683 
36.646983 33.267249 33.304494 44.425895 
31.059014 28.975426 28.928793 39.319936 
31.838521 30.016917 29.993595 40.598402 
31.162689 30.909499 31.402925 42.710983 
30.786264 30.406317 30.687179 41.821388 
26.976206 26.622657 26.598273 36.429988 
22.924638 23.107525 23.1406 31.989684 
21.540801 21.23816 21.127223 29.247119 
24.407814 24.456766 24.429985 33.680915 
31.237435 29.128625 29.11335 39.560313 
25.823345 25.868188 25.861204 35.426 
19.14807 20.216885 19.21208 26.262434 
30.976184 31.381454 31.586511 43.152453 
25.916959 26.538342 29.910799 50.677314 
30.991881 28.62373 28.664806 38.929255 
30.258338 28.973698 28.916216 39.275017 
28.520374 29.111169 30.662317 43.565035 
24.666132 25.327918 27.596427 38.376231 
25.022536 24.418299 24.389511 33.519173 
28.228282 28.234817 28.358345 38.643879 
19.004587 19.007897 18.850107 25.972931 
24.5761 23.83131 23.875598 32.953784 
29.0065 26.904767 26.843508 36.788107 
25.446536 24.776432 24.813278 34.06669 
30.407426 30.628578 30.969254 42.080935 
23.324856 22.850818 22.826489 31.552877 
28.129032 29.485779 29.410349 40.564754 
19.910262 19.464502 19.468637 26.831259 
26.377258 25.508599 25.331784 34.83602 
27.176656 27.271496 27.328263 37.468271 
31.656411 32.051616 32.47434 44.128376 
23.81631 23.251888 23.306041 32.141957 
25.362259 25.117645 25.143966 34.539927 
31.823994 29.49538 29.45629 39.894943 
33.225519 31.285115 31.374258 42.169916 
27.098622 26.726607 26.738503 36.601984 
26.955225 28.752795 27.191474 37.322311 
21.40162 20.835898 20.687208 28.604652 
27.922639 28.540822 30.3892 43.136651 
26.9982 27.308141 27.326765 37.435376 
23.289077 22.982233 22.842641 31.52701 
27.136143 25.838786 25.84015 35.443618 
25.098873 25.39521 27.361954 48.827639 
25.873563 25.613826 25.510225 34.95749 
23.588305 22.878863 22.852554 31.64081 
20.105618 19.961208 20.055402 27.62223 
18.325159 18.235188 18.21502 24.958125 
22.611116 22.355536 22.260615 30.761885 
23.189764 22.799413 22.684986 31.278158 
23.623758 23.018814 23.004729 31.73905 
26.611564 237.144168 26.958867 37.157776 
18.518235 18.464449 18.403932 25.262185 
28.198999 28.097374 28.519754 38.85204 
26.174975 25.335193 28.054889 40.957606 
27.123866 28.21645 27.348412 38.122754 
21.439265 21.149185 20.986236 29.008287 
20.055522 19.987624 19.921501 27.757703 
31.221524 29.750522 29.764581 40.335376 
18.621193 18.569634 18.592523 25.561391 
30.661703 28.714605 28.666017 39.065887 
28.098467 28.787502 30.478938 43.458227 
25.104137 24.783364 24.77538 34.10007 
21.885459 21.358771 21.312593 29.516196 
19.652148 19.721446 19.563085 27.041908 
12.361576 12.535387 12.541729 15.04724 
11.378432 11.287942 11.283428 12.849116 
23.319409 23.423861 23.317338 32.234683 
22.781492 22.041251 22.050882 30.507976 
24.275028 24.897249 26.477569 39.138977 
16.292882 16.336083 16.296561 21.989031 
22.319723 22.29254 22.201638 30.721441 
27.035026 27.769619 30.081393 43.260537 
23.984093 23.748439 23.452126 32.277117 
17.334974 16.899853 16.920478 22.995177 
13.073569 13.127134 13.10054 16.416612 
16.93656 16.921314 16.899853 22.95054 
24.196593 23.488119 23.442599 32.334058 
18.477173 17.888776 17.907237 24.495026 
15.323026 15.338613 15.323299 20.433761 
19.237531 18.819033 18.741339 25.797767 
25.910883 25.383229 25.375432 34.924086 
18.331513 18.226667 18.211259 24.98038 
24.11486 23.647447 23.583996 32.503668 
21.209809 20.619802 20.474413 28.288944 
30.119208 29.572725 29.895483 40.70505 
27.700649 28.699691 28.853672 39.531766 
24.722232 24.327805 24.096879 33.375928 
17.388891 17.259083 17.255846 23.548702 
20.821603 20.248758 20.247298 28.054107 
20.740111 19.980571 20.152842 27.627034 
27.179015 27.328165 27.753739 38.035029 
24.055663 24.085369 27.259492 36.788791 
16.927529 16.873607 16.817663 22.846266 
26.212679 26.068647 26.06941 35.736674 
13.449216 13.452122 13.541675 17.146452 
17.463458 18.217135 17.553237 23.920697 
13.853552 13.863353 13.870102 17.884896 
30.721256 28.649544 28.619139 38.904154 
25.085175 25.155716 25.106512 34.568113 
18.814142 18.402254 18.378399 25.269377 
22.175804 22.093848 21.805413 30.192691 
34.471319 31.26513 31.098249 41.894519 
33.298132 30.937987 30.615671 40.298511 
38.688322 33.991198 34.007939 45.210449 
35.478146 31.908199 31.930114 42.815358 
33.76008 30.327262 30.424501 40.963974 
34.441168 30.942454 30.944547 41.642215 
34.48863 31.412956 31.270609 42.035822 
29.173157 26.759161 26.571711 35.939336 
30.247791 27.518885 27.115537 37.191597 
36.870251 33.431409 33.347889 44.495603 
35.663088 31.71242 31.787164 42.543374 
36.01779 32.707726 32.556623 43.568006 
35.567486 31.73563 31.872814 42.592792 
36.515025 32.810276 32.94093 43.862756 
32.222189 30.02406 29.620372 39.778959 
32.521198 29.937224 29.755268 39.169899 
31.022761 27.929583 28.006906 38.00606 
36.242177 31.499255 31.6694 42.282775 
31.037342 27.553443 27.696905 37.566086 
37.560926 34.2587 34.070639 45.238847 
31.256905 27.992795 28.095641 38.157543 
29.569861 26.104608 26.10049 35.78969 
32.302903 28.944671 28.370258 38.596124 
39.540347 35.101607 34.942577 46.291102 
38.555618 34.737562 34.491299 45.801643 
31.549553 28.16654 28.257744 38.375357 
35.997003 32.80589 32.652974 43.629257 
37.524298 33.474839 33.440594 44.62076 
34.488591 31.478418 31.338522 42.102499 
35.035465 31.929044 31.749703 42.634948 
32.790097 29.234655 29.371703 39.67477 
35.407184 31.791248 31.788911 42.674155 
32.258499 30.060172 29.693626 39.864865 
33.878709 30.350292 30.334414 40.944141 
38.693848 34.240605 34.160268 45.396456 
38.183193 33.826307 33.830509 45.023687 
38.54187 34.432123 34.451477 45.677717 
35.488893 31.8438 31.872736 42.720723 
32.328191 29.923505 30.014611 39.437525 
33.074164 29.915606 29.916259 40.476953 
32.776042 29.449685 29.591935 39.871814 
36.293737 32.534979 32.712148 43.541943 
33.470181 31.304317 30.899804 41.126638 
33.826932 31.312687 30.600582 40.741013 
30.924444 28.365285 27.82302 37.441739 
34.763103 32.330545 32.036638 41.995283 
36.86739 32.199742 32.284286 43.143112 
33.622894 30.288909 29.615927 40.054722 
33.089779 29.543434 29.696006 39.994575 
38.117989 34.052617 34.034713 45.287751 
10.0 10.0 10.0 10.0 
10.0 10.0 10.0 10.0 
10.0 10.0 10.0 10.0 
10.0 10.0 10.0 10.0 
10.0 10.0 10.0 10.0 
12.561087 12.56914 12.557552 15.535505 
10.0 10.0 10.0 10.0 
10.901717 10.779512 10.767927 11.671356 
10.0 10.0 10.0 10.0 
10.0 10.0 10.0 10.0 
10.0 10.0 10.0 10.0 
10.0 10.0 10.0 10.0 
10.0 10.0 10.0 10.0 
10.0 10.0 10.0 10.0 
10.0 10.0 10.0 10.0 
10.0 10.0 10.0 10.0 
15.046743 15.271603 15.285449 20.505436 
10.0 10.0 10.0 10.0 
10.0 10.0 10.0 10.0 
10.0 10.0 10.0 10.0 
11.596919 11.579201 11.575522 13.450176 
10.0 10.0 10.0 10.0 
10.0 10.0 10.0 10.0 
10.0 10.0 10.0 10.0 
10.0 10.0 10.0 10.0 
10.0 10.0 10.0 10.0 
10.0 10.0 10.0 10.0 
10.0 10.0 10.0 10.0 
10.0 10.0 10.0 10.0 
10.0 10.0 10.0 10.0 
10.0 10.0 10.0 10.0 
10.0 10.0 10.0 10.0 
10.0 10.0 10.0 10.0 
10.0 10.0 10.0 10.0 
10.0 10.0 10.0 10.0 
10.0 10.0 10.0 10.0 
10.0 10.0 10.0 10.0 
10.0 10.0 10.0 10.0 
10.0 10.0 10.0 10.0 
10.0 10.0 10.0 10.0 
10.0 10.0 10.0 10.0 
10.0 10.0 10.0 10.0 
10.0 10.0 10.0 10.0 
10.0 10.0 10.0 10.0 
10.0 10.0 10.0 10.0 
10.0 10.0 10.0 10.0 
10.0 10.0 10.0 10.0 
12.912902 12.916518 12.910142 16.268655 
10.0 10.0 10.0 10.0 
10.0 10.0 10.0 10.0 
45.211999 40.549218 40.631189 52.581544 
45.325542 40.712032 40.639399 52.520872 
43.793917 38.678797 38.595424 50.362449 
44.913165 40.711584 40.665074 52.591948 
43.91563 39.757102 39.749338 51.644266 
44.190061 39.560478 39.376119 51.219535 
45.533817 41.088581 41.104964 53.044308 
45.633782 40.94603 40.886503 52.913002 
47.292419 41.746077 41.640445 53.697935 
42.924491 38.947158 38.978323 50.829404 
46.950514 42.168568 42.167586 54.222603 
45.522622 41.582124 41.334663 53.447464 
45.747364 41.70584 41.673788 53.714221 
45.96302 41.839985 41.788652 53.903275 
42.721109 37.830083 37.780236 49.516975 
41.539655 37.264699 37.093937 48.734319 
44.81049 40.18813 40.193989 52.092752 
42.611776 38.028059 38.021622 49.678868 
45.379001 40.168821 40.063849 51.87763 
45.505217 40.960903 40.959201 53.092492 
41.018986 37.496079 37.271468 48.947022 
45.63758 41.389778 41.398027 53.469869 
42.139927 38.046516 38.034264 49.894957 
46.201823 41.902065 41.919468 53.887187 
45.876705 40.066621 40.039557 51.948261 
45.700378 41.043902 41.023956 52.997083 
42.773394 39.046661 39.11742 50.930483 
46.17231 41.446958 41.391453 53.445468 
41.788964 38.028898 37.84583 49.511933 
46.05952 41.269697 41.316666 53.277729 
43.87832 39.691633 39.690801 51.593428 
45.274534 41.38304 41.453231 53.533356 
45.336589 41.55554 41.490088 53.57582 
46.145996 41.052283 41.041559 53.091101 
41.950091 38.125514 38.081535 49.916615 
43.841154 39.351553 39.127139 50.964438 
42.990897 38.983758 39.010946 50.859744 
42.753328 38.221008 38.210486 49.861935 
44.455061 40.715214 40.66039 52.619837 
44.993768 40.601323 40.430022 52.398737 
45.465579 40.483224 40.459905 52.454695 
41.451115 37.484101 37.372991 49.075612 
45.72404 40.182094 39.928067 51.865891 
41.994844 38.108862 37.918989 49.647942 
43.899494 39.206667 39.199863 51.085706 
46.576079 41.843684 41.960233 54.072083 
44.342404 39.23538 39.144456 51.029422 
43.111505 38.944277 38.809096 50.571316 
43.788062 39.599849 39.60873 51.496076 
44.940062 41.228507 41.248185 53.286541 
42.833862 38.78943 38.841416 50.56747 
44.221061 40.694712 40.874222 53.324288 
44.259474 40.163653 40.172163 52.093218 
40.429371 36.845766 36.829442 48.500055 
44.138218 40.428149 40.508855 52.575491 
43.808259 40.142506 40.157768 52.374756 
43.036232 39.47747 39.51186 51.527769 
44.008933 40.544568 40.666006 52.962858 
41.883205 38.94014 39.400759 52.06427 
43.183561 39.597801 39.612429 51.686402 
42.075596 38.710965 38.6981 50.578695 
43.393703 40.294998 41.163413 53.653424 
44.12187 39.522935 39.472334 51.399939 
44.250024 39.620567 39.628527 51.568133 
42.000569 38.193245 38.185251 49.87227 
46.18648 41.859827 41.973598 54.42925 
44.14308 40.918071 41.782942 54.569708 
42.027213 38.512511 38.445452 50.494831 
44.972946 40.224439 40.213068 52.199697 
43.469812 39.951553 40.169687 52.492662 
43.874967 39.586941 39.596216 51.453158 
45.122082 41.769325 42.250885 55.187741 
44.996639 40.485637 40.428506 52.490763 
43.635228 39.003067 39.022009 50.867628 
42.61908 39.803839 40.522254 53.031294 
41.10259 36.963597 36.992513 48.548714 
43.440299 39.59411 39.54227 51.38733 
41.488821 38.279337 38.496246 50.508383 
44.680554 40.654599 40.769436 52.931092 
42.040129 38.4841 38.507474 50.267603 
40.614682 37.279234 37.263406 48.954165 
45.119243 41.438441 41.589532 53.955992 
43.015688 40.315775 40.929319 53.615297 
42.772855 40.088993 40.732438 53.568915 
39.661782 36.447374 36.494277 48.057501 
41.816554 38.778179 39.160597 51.687707 
42.215698 38.807987 39.020029 51.016358 
42.709501 39.171486 39.168095 51.202409 
42.739723 39.763642 40.448491 53.229212 
42.828325 38.347422 38.319997 50.068686 
41.971213 39.118159 39.164736 51.547917 
45.302474 41.960335 42.30305 55.195653 
39.550363 36.412811 36.389656 48.024841 
39.638952 36.410485 36.390552 48.006351 
41.088163 37.567949 37.58188 49.248584 
41.408217 38.297847 38.451057 50.520404 
44.289393 39.688033 39.687496 51.507355 
42.1837 38.68408 38.675763 50.552391 
42.148184 38.609402 38.537439 50.280192 
44.853345 40.038429 40.024176 51.970073 
47.717498 42.070232 42.026923 54.198573 
211.213797 41.798502 41.751184 53.691802 
38.219981 41.145 41.043581 53.16778 
43.609655 38.656826 38.559854 50.308927 
43.887041 38.870983 38.695471 50.489607 
44.043257 43.049482 43.042952 55.096042 
45.05917 40.313454 40.110738 52.009501 
50.644242 42.864144 42.799032 54.897513 
47.347818 41.665429 41.534314 53.532367 
45.092837 40.233409 39.987624 51.860873 
44.426068 39.684693 39.500293 51.399057 
45.640499 40.726869 40.808455 52.774562 
41.184381 41.513852 41.472347 53.563435 
38.814496 43.086489 42.736654 54.813415 
43.425012 39.230973 39.13491 50.921682 
53.278569 42.83523 42.69713 54.896933 
45.666994 40.765046 40.764486 52.785826 
45.619173 40.878884 40.931382 52.960516 
45.004098 38.946854 38.892885 50.72381 
44.088798 39.49695 39.315221 51.164832 
45.448979 40.550403 40.573896 52.568031 
45.084696 40.247903 40.029444 51.949583 
44.914782 39.163026 39.138653 50.973121 
45.715184 40.706709 40.580653 52.578625 
52.847543 43.398466 43.39266 55.615231 
48.103018 41.675727 41.370235 53.346056 
46.671793 41.588412 41.413561 53.154029 
43.817014 40.911114 40.947766 52.969156 
47.038286 41.355707 41.141766 53.163694 
45.857175 41.031769 41.023455 52.994445 
46.105651 40.396416 40.222634 52.195921 
43.666273 38.587491 38.436529 50.229777 
44.792306 39.52628 39.354547 51.158752 
49.978265 43.362535 43.355612 55.60562 
48.779138 42.160902 42.148561 54.355573 
36.602666 40.323644 40.256242 51.88689 
49.847935 43.454375 43.572113 55.740055 
43.806679 39.305689 39.037807 50.869067 
38.000779 42.139095 42.089647 54.262205 
46.977824 42.490754 42.336545 54.448881 
47.76749 42.548532 42.471374 54.497866 
49.496716 42.456211 42.198944 54.254206 
47.077411 40.83231 40.822697 52.764277 
43.733718 38.893723 38.728496 50.559021 
45.627737 40.968914 40.870877 52.817613 
47.111097 41.562272 41.462901 53.521575 
48.562352 42.422422 42.11268 54.104378 
43.839654 38.880766 38.879918 50.66931 
49.215413 42.7364 42.687689 54.908023 
39.159834 41.933253 41.940659 54.091503 
35.626171 42.09338 42.413496 54.434237 
38.282606 43.990302 43.903169 55.967519 
32.631832 41.211296 41.145287 53.024309 
38.675756 45.008585 44.800487 56.756769 
31.213124 40.572447 40.522483 52.812566 
36.750904 44.512677 44.4191 56.546767 
38.608927 44.234696 44.023831 56.051454 
35.618369 41.334687 41.610832 53.502425 
34.174997 42.708135 42.37994 54.435119 
32.007297 41.291395 41.157885 53.110881 
36.25918 43.001571 43.170858 55.254696 
34.691565 41.127878 41.217645 53.281735 
38.686745 44.229057 44.063376 56.066701 
32.766055 42.340923 42.307553 54.310372 
35.700074 43.321434 42.977562 55.101592 
34.366259 42.336162 42.362136 54.330126 
36.144974 42.944843 42.812862 54.910183 
33.344351 42.305659 42.317707 54.522677 
33.800334 42.370737 42.192685 53.969768 
37.893696 43.773466 43.455871 55.663385 
33.349591 41.79096 41.725258 53.352547 
35.189376 41.727 42.049255 54.107753 
38.132136 43.877415 43.789651 55.840745 
36.770221 43.35247 43.241277 55.31315 
35.155128 42.808902 42.717315 54.933934 
32.024913 42.437621 42.518112 54.258508 
34.030095 40.496069 40.512153 52.521798 
35.817231 42.615133 42.623242 54.822914 
35.474823 41.973178 42.040242 53.905392 
36.411261 42.798122 42.857234 54.795848 
34.938115 39.701625 39.806616 51.622692 
32.77113 41.399456 41.278646 53.132888 
33.998723 42.378854 42.253943 54.057688 
32.565815 41.429835 41.373619 53.293771 
35.021459 41.794275 41.784417 53.720464 
33.776956 42.168154 42.044822 53.978197 
32.219655 40.494803 40.339495 52.333482 
34.088195 39.710999 39.79872 51.675528 
34.673759 43.037995 42.729917 54.777805 
35.162036 40.01775 40.109732 52.050176 
33.706505 42.418054 42.290304 54.19381 
35.198423 40.781081 40.980601 52.778972 
37.912312 43.823463 43.684444 55.588845 
33.241926 42.592641 42.63098 54.664917 
33.090787 41.824804 41.828493 53.506263 
34.78007 39.93354 39.99237 51.918265 
35.04093 40.69361 40.93999 52.762082 
37.794608 43.076029 43.027188 54.830619 
37.925227 44.125768 43.93453 55.889931 
33.591225 41.577477 41.490281 53.426433 
37.336929 43.848337 43.483388 55.671257 
38.643058 44.796415 44.588127 56.496969 
38.548955 44.910031 44.5494 56.70344 
33.804673 42.308717 42.148901 54.117164 
35.895933 42.278891 42.23947 54.165051 
38.176647 45.4585 45.263493 57.237431 
34.714361 41.109682 41.235464 53.351106 
33.425393 42.576271 42.270425 54.378432 
35.467438 42.252954 42.299117 54.206735 
32.798706 41.938864 41.819235 53.564896 
37.026019 43.282673 43.143739 54.981877 
37.156239 44.507998 44.082739 56.20483 
35.530936 42.413963 42.329771 54.244376 
36.603365 43.596362 43.558223 55.437558 
33.810708 41.570444 41.472923 53.354259 
36.739266 44.415665 44.434077 56.659861 
35.557401 42.764356 43.090515 55.300926 
37.13869 45.29062 45.233196 57.302394 
35.676729 43.062043 43.561467 55.814382 
34.306818 42.355091 42.379002 54.502355 
37.301656 43.879643 43.790414 55.849305 
33.441762 42.248588 42.214295 54.395277 
37.050562 43.681926 43.557344 55.554471 
34.118961 40.57257 40.557263 52.581301 
37.823658 44.127102 44.020344 55.885684 
34.832168 43.316928 43.339396 55.619956 
36.298876 43.112425 43.186379 55.314044 
39.566921 45.344391 44.957712 57.094224 
37.374031 44.879688 44.853146 56.92482 
37.054409 43.838529 43.566886 55.682625 
37.343959 43.990125 43.630883 55.855209 
38.641752 44.16223 43.93392 55.994724 
35.207346 42.556141 42.944368 54.893556 
34.463675 42.859236 42.834818 54.78192 
32.542105 42.326727 42.181563 53.937195 
35.712384 43.117717 43.34968 55.565628 
34.93009 42.114028 42.459426 54.508937 
35.424133 42.143708 42.479071 54.401318 
35.346143 42.447092 42.76038 54.830565 
37.579177 44.676263 44.566477 56.75607 
35.678742 44.312129 44.535603 56.548856 
35.852513 43.897246 43.908674 55.76741 
34.096026 41.196448 41.182885 53.273448 
35.111748 41.942271 42.03513 53.865954 
38.719929 43.695332 43.416896 55.549855 
36.86075 43.120443 43.117583 55.013944 
34.563522 41.548344 41.576761 53.639405 
36.998679 44.296077 44.162293 56.307943 
39.342361 45.302411 44.948288 57.043383 
36.952912 43.067218 42.945499 54.95985 
49.854363 46.129201 46.270548 59.235551 
49.965807 44.944823 44.846137 57.219091 
48.688764 44.376926 44.423564 56.993715 
50.014278 45.208286 44.833597 57.09491 
48.729263 44.157039 44.140525 56.511806 
49.527955 44.666155 44.638039 56.890363 
52.742196 46.41238 46.374939 58.750104 
49.669363 44.58331 44.626767 56.94519 
51.308569 47.053252 47.067574 59.902728 
50.645758 46.403445 46.699457 59.531036 
50.099039 45.441008 45.380854 57.712174 
50.282614 46.489674 46.677047 59.748784 
51.828925 46.900004 47.000089 59.616187 
50.784531 46.672271 46.868851 59.584528 
51.246818 46.508642 46.60846 59.459242 
50.147451 46.39894 46.594902 59.710778 
48.474425 44.134661 44.131707 56.482638 
50.579134 45.599987 45.641114 58.012627 
49.592733 46.032046 46.218717 59.278346 
49.870997 45.370271 45.387139 57.778132 
49.192639 44.285844 44.243356 56.493082 
51.282061 46.580841 46.554122 59.099663 
49.92474 45.423655 45.434573 57.899843 
50.234919 45.150103 44.755749 57.168662 
48.632406 43.728248 43.53218 55.800365 
49.219343 44.11132 44.143751 56.379595 
52.066733 46.206333 46.140571 58.371676 
52.878445 46.693457 46.295495 58.874334 
51.067452 45.666122 45.62097 58.307261 
49.476117 44.402153 44.408996 56.710372 
51.563985 46.865493 47.09814 59.710155 
50.479927 45.655002 45.639771 58.119238 
51.506526 46.389624 46.727792 59.274309 
51.36899 46.091254 46.41734 58.913477 
51.376551 47.076836 47.261818 60.292944 
51.591109 46.945667 46.950053 59.600289 
48.649009 44.445946 44.537002 57.120478 
52.184739 46.302178 46.079646 58.119443 
51.854569 46.51959 46.838355 59.410646 
52.889674 46.102774 46.1467 58.399066 
51.750348 45.435935 45.198132 57.564784 
50.72589 46.433458 46.700058 59.56713 
51.748451 46.957333 47.030165 59.714626 
50.367821 45.334708 45.304374 57.68639 
51.658473 47.269146 47.510335 60.415317 
51.233798 46.845803 46.978461 59.600666 
50.821222 45.616127 45.955085 58.466387 
51.842175 45.236549 45.153978 57.562296 
51.69444 46.043674 46.371129 58.867355 
51.158648 46.339357 46.412708 59.160625 
41.255428 37.795527 37.772721 49.53285 
34.057326 30.90741 30.954509 41.642215 
37.718129 34.333405 34.384 46.163796 
39.618415 36.113588 36.276469 47.95029 
35.807108 33.377249 33.273416 44.5602 
37.49682 34.113977 34.063042 45.262379 
34.11043 30.922531 30.901007 41.659092 
35.238946 32.003175 31.89046 42.775705 
35.351516 31.913907 31.888123 42.773368 
37.962076 34.912591 34.86506 46.229334 
40.658518 37.644826 38.229259 50.60409 
34.907409 31.517484 31.504562 42.273047 
33.351937 31.664974 31.745627 42.529556 
40.139342 36.603417 36.812576 48.604161 
41.205638 38.208638 38.280258 50.375759 
39.144313 35.674881 35.863333 47.394456 
38.292798 35.025304 35.220669 46.721613 
37.871699 34.693352 34.898027 46.663969 
38.406884 35.305822 35.261718 46.609853 
41.32109 37.723569 37.793396 49.518632 
36.671889 33.540319 33.533912 44.779389 
36.293005 32.907722 32.888456 43.993342 
33.157984 31.418293 31.426339 42.380403 
38.02375 34.584687 34.554702 45.811973 
33.41771 30.616029 30.658378 41.352495 
39.561931 36.01998 35.996207 47.454889 
38.434621 35.020318 35.106584 46.831301 
40.692478 37.177115 37.178364 48.803553 
34.928957 31.705641 31.719197 42.604441 
36.509862 33.225899 33.353815 44.48842 
33.776464 31.52659 31.506549 42.311465 
36.789817 33.38951 33.347852 44.532231 
38.681855 35.633722 35.598866 47.013938 
41.425392 38.261893 38.42042 50.669844 
37.970554 34.553355 34.566999 45.856663 
35.425775 32.031216 31.985519 42.870764 
39.278985 36.121793 36.874451 49.234239 
39.8359 36.76286 36.757232 48.283549 
38.947813 35.529941 35.481997 46.897637 
40.815087 37.571365 37.694772 49.829352 
37.799483 34.405533 34.459514 45.868162 
36.09364 32.717439 32.730717 43.755554 
39.505243 36.017469 35.994874 47.496044 
37.034178 33.599128 33.653684 44.843872 
38.231395 35.490918 36.326033 48.914906 
33.827159 31.770489 31.770489 42.687043 
35.060535 31.646765 31.66875 42.496153 
38.742492 35.565212 36.124433 48.164641 
38.933798 35.487077 35.435589 46.90907 
36.957037 33.805928 33.74932 44.956162 
38.886823 45.335897 45.043335 57.351094 
41.838195 46.357991 46.115448 58.477659 
37.210544 44.749968 44.31742 56.440844 
37.459336 45.570967 45.517695 57.923225 
41.036115 46.078792 45.991832 58.275205 
40.539031 46.012579 45.948201 58.345386 
42.590109 45.489205 45.378193 57.717206 
40.250509 47.341036 47.312239 59.547625 
39.820751 45.350505 45.361773 57.34473 
36.914702 44.482416 44.522859 56.600453 
41.317095 47.480617 47.371703 59.643698 
36.975382 45.189148 45.139836 57.49666 
38.333283 45.232402 45.24522 57.418363 
42.792847 47.681823 47.192823 59.288812 
39.911824 46.847283 46.715875 59.066543 
39.95425 46.279101 46.121692 58.405629 
44.518604 45.826995 45.785556 58.417687 
38.144806 46.331212 46.298719 58.499679 
42.020028 46.411025 46.40141 58.848985 
40.798174 45.772728 45.818434 57.81269 
40.116288 47.277396 47.200778 59.569392 
39.502133 46.631169 46.456996 58.776326 
40.953838 46.255523 46.218518 58.587341 
39.345853 46.744012 46.578781 58.945175 
42.144478 47.291008 46.699933 59.219423 
40.660788 46.818808 46.679609 58.959265 
39.0313 47.229608 46.96332 59.45413 
38.989841 46.371778 46.011934 58.539943 
46.85067 47.101572 47.163235 59.606998 
40.89428 45.820405 45.847211 57.854424 
38.570852 47.286232 46.966187 59.499954 
36.880157 44.469628 44.431537 56.719746 
40.984626 46.879888 46.362161 58.462381 
40.720498 45.572085 45.564997 57.816365 
41.49087 44.902481 44.728018 56.996603 
37.965647 45.118461 44.958555 57.143115 
40.63309 46.065575 45.952111 58.239229 
38.95871 45.948257 45.63066 58.121165 
37.964542 46.248964 46.070987 58.366038 
38.729663 45.004437 44.915732 57.181175 
41.425588 46.67551 46.629448 59.008661 
37.222835 44.872813 44.800211 57.194441 
47.074172 46.662509 46.751366 59.16494 
40.040578 46.456181 46.267358 58.57445 
40.869227 45.998822 45.857974 58.181316 
38.877935 45.60596 45.184841 57.507345 
40.812384 45.71373 45.717693 57.664667 
38.5455 44.693421 44.688954 56.972149 
38.627115 47.215332 47.00344 59.41986 
47.841457 46.774652 46.75547 59.198624 
32.772044 42.937484 43.021706 55.093109 
34.491433 43.720097 44.432884 57.182609 
31.176383 43.461064 43.475789 55.052321 
38.85382 45.327677 45.156821 57.239331 
41.082108 46.263124 46.218059 58.26991 
40.855119 45.699987 45.618148 57.857783 
37.140251 45.59318 45.489569 57.539026 
35.063271 45.005572 45.377281 57.575969 
36.903839 44.245481 44.142578 56.235885 
37.851271 45.452207 45.277867 57.274421 
38.889349 44.920987 44.855734 57.064011 
34.500427 44.569108 45.202466 57.593187 
40.352163 46.307931 46.254389 58.644882 
41.688312 46.864738 46.857507 58.836341 
40.382774 45.828386 45.775842 58.104649 
40.184729 45.843768 45.755804 58.135136 
32.183265 43.918177 43.929554 56.05167 
39.732438 45.38574 45.345604 57.567054 
34.608519 44.290869 44.704747 57.238007 
32.697494 43.187164 43.286275 55.382241 
39.913096 45.720116 45.491006 57.882744 
36.499173 44.258116 44.200521 56.272865 
34.916462 45.069433 45.434637 57.640194 
34.820213 42.921368 43.222505 55.446615 
32.188309 43.856861 43.876857 55.949341 
41.454875 46.422575 46.239661 58.569886 
35.504901 45.224502 45.246825 57.498292 
35.29699 43.016843 43.574421 55.807401 
39.224102 46.672961 46.330336 58.48428 
40.683698 46.527163 46.448438 58.793388 
32.23993 42.738368 42.74338 54.977565 
32.476545 43.463874 43.501625 55.587802 
40.939876 46.090295 45.966501 58.285313 
35.67857 46.797837 46.726991 58.992183 
39.613927 45.561616 45.201629 57.328609 
39.087539 46.331097 45.990343 58.205619 
36.602816 47.443537 47.378102 59.444261 
42.064583 46.764323 46.702755 59.057641 
33.098987 44.095632 44.252576 56.504058 
33.768728 43.391537 43.616027 55.846554 
34.311654 43.769724 44.380468 57.004 
32.330387 42.72309 42.660475 54.80599 
39.106841 45.171959 44.838211 56.887024 
38.991795 44.845986 44.799017 56.983849 
31.812935 43.277434 42.913906 54.983048 
38.350796 45.931913 45.747616 57.757908 
37.864696 44.298649 44.249751 56.29125 
39.712499 47.810846 47.568114 59.966845 
34.476995 44.604478 45.292274 57.626591 
36.969752 47.487882 47.34563 59.506441 
43.247379 39.72697 39.719752 51.74109 
45.412804 42.051688 42.514606 55.588635 
41.18221 37.974647 37.915823 49.887107 
41.614988 38.263798 38.241121 50.125015 
45.566572 42.861372 43.971904 57.194608 
41.879962 39.021478 39.209708 51.769774 
42.521481 39.517642 39.984476 52.688705 
45.097057 42.472903 43.515788 56.952291 
43.400606 40.886153 42.077969 55.028541 
45.532086 40.941051 40.937238 53.070529 
43.976531 40.556806 40.820962 53.230029 
45.078416 41.716392 42.77377 55.415472 
46.719574 42.283287 42.416198 54.921023 
42.520958 39.541575 40.455757 53.729594 
43.638714 40.156726 40.304082 52.525463 
44.00402 39.89162 39.943784 52.012518 
41.786268 38.240256 38.307725 50.206683 
45.193112 40.370792 40.263748 52.172264 
45.303989 40.646311 40.668259 52.743128 
41.246968 38.137949 38.304184 50.358852 
46.657048 42.051656 42.046635 54.351268 
45.662279 43.024815 44.005888 57.333192 
42.784918 39.289966 39.366924 51.523733 
45.097221 40.920498 40.969639 53.216589 
42.857291 39.805537 40.314635 53.011374 
45.403034 41.7081 42.042927 54.576177 
43.66165 39.415881 39.454636 51.301656 
41.855306 38.420614 38.372859 50.176384 
46.80077 42.477614 42.523268 54.905308 
44.350274 40.931683 41.171027 53.797167 
43.246347 39.829886 39.891014 52.190497 
44.25193 41.60624 42.598365 55.917445 
41.999629 38.477773 38.50365 50.320407 
47.005397 42.579463 42.664498 55.047619 
41.765638 38.764508 39.141005 51.678787 
45.425281 41.642215 41.822465 54.309572 
45.584042 41.270379 41.200826 53.324489 
43.213481 39.740106 39.874615 51.9876 
43.647476 40.519865 40.905435 53.488522 
46.447372 42.031648 42.029277 54.240334 
41.697834 38.738468 38.947214 51.23291 
41.400463 38.24338 38.393573 50.767957 
45.248568 41.632607 41.96917 54.612062 
43.718815 39.595002 39.5286 51.395669 
45.829603 42.955903 44.012008 57.487718 
43.555214 40.979498 41.96082 55.026819 
44.247632 40.844282 41.104087 53.620533 
44.631159 42.222988 43.327085 56.678286 
46.435084 43.505924 44.27531 58.009181 
43.422395 40.727045 41.418544 54.373335 
46.046836 40.944862 40.893798 52.993536 
48.654559 42.476258 42.297929 54.381988 
48.436856 43.633434 43.552684 55.638097 
45.438011 40.483224 40.513049 52.450845 
37.440694 41.386288 41.341467 53.461732 
46.21597 41.120795 41.032784 53.045987 
47.454199 42.835189 42.808153 54.877819 
46.75431 41.017375 40.802982 52.757637 
49.884776 43.825038 43.690985 55.964566 
49.888794 43.881011 43.708292 55.918777 
250.432983 41.1312 40.835926 52.787373 
47.085918 42.370358 42.343362 54.405411 
46.95097 41.440359 41.199939 53.239091 
40.127552 42.429358 42.259672 54.113552 
48.565264 42.176612 42.060252 54.21961 
46.53231 41.44651 41.591493 53.561064 
51.82028 44.291599 44.416529 56.600494 
45.769052 40.744646 40.713976 52.675264 
47.468085 41.394591 41.101489 53.139385 
45.871039 40.317832 40.093685 51.922467 
38.493911 43.154258 42.804194 54.87903 
49.230084 43.083927 43.14253 55.371595 
48.810709 43.856404 43.720136 55.921393 
40.865488 43.364009 43.245836 55.445378 
45.987681 40.308265 40.212851 52.238792 
47.799129 42.052001 41.725477 53.69457 
50.038878 40.402989 40.291229 52.239027 
47.909069 43.555983 43.232696 55.431588 
47.008767 42.282984 42.080466 54.151852 
46.717656 41.937741 41.861745 53.957072 
50.556291 42.881184 42.764003 54.86855 
48.690459 42.457227 42.448462 54.590704 
46.903546 42.142464 42.26769 54.393506 
47.544305 42.621851 42.679863 54.782839 
258.061517 43.696493 43.659974 55.953401 
45.621309 40.491664 40.325965 52.159668 
49.253278 42.93719 42.818087 54.915763 
211.263806 41.968126 41.74341 53.657938 
48.101443 43.817991 43.665356 55.871593 
47.938245 41.828061 41.587897 53.363155 
46.661077 42.436365 42.387819 54.501933 
41.806638 40.792779 40.710876 52.750382 
45.36513 40.138846 39.894904 51.733761 
47.773569 40.795498 40.696703 52.65409 
48.557965 44.038293 43.809397 56.037869 
47.910163 43.316132 43.310166 55.557683 
45.809829 40.408788 40.196744 51.972754 
53.278569 42.321857 42.13346 54.196356 
49.225555 44.222257 44.034293 56.341301 
45.543244 40.818483 40.733723 52.680459 
44.622681 42.244865 43.499963 57.60076 
45.633905 44.21062 46.411245 62.074163 
47.119356 45.796002 46.65816 62.616981 
46.190099 43.677528 44.919751 58.364876 
45.203647 44.470694 45.181923 60.24442 
44.571044 42.772754 43.508793 57.402846 
47.976279 46.054312 46.898669 61.911484 
47.908643 49.135933 49.40352 63.400801 
44.689638 42.49562 43.692271 58.10758 
48.785762 45.361485 46.604809 59.857264 
49.129843 45.634694 46.754374 60.435824 
45.770166 44.314613 46.587222 60.355079 
47.185832 45.437414 46.983492 62.243619 
47.121918 47.22652 47.908654 62.805442 
46.8774 44.329808 45.313765 58.62199 
44.947025 44.207092 45.381691 60.735529 
46.04744 44.627543 45.455023 61.008166 
48.000998 47.810121 48.590836 64.778696 
47.624369 47.31924 48.904251 64.965895 
46.170821 44.902753 45.728198 61.892706 
46.635436 48.157857 47.528799 61.757816 
46.897675 47.191233 47.657912 62.285025 
48.16507 47.392398 48.745041 63.66081 
48.569968 46.081258 47.513863 61.959032 
47.925598 45.293769 46.240399 59.904369 
48.195763 46.038846 47.134155 62.735187 
48.057539 44.045299 44.925601 58.111415 
46.732464 45.471013 46.917364 63.339119 
48.253933 45.060731 46.208359 59.923073 
48.14941 45.264607 46.59578 60.100291 
48.620469 46.366669 47.601317 63.089863 
45.955868 42.481754 43.040077 55.98207 
48.961711 45.514587 46.682816 60.313808 
48.726979 45.262251 46.390407 60.191174 
45.233011 43.261011 44.661147 60.659733 
48.573888 44.508354 45.546325 59.182444 
45.043995 41.741014 42.560125 55.368557 
44.513402 42.017076 43.124851 56.61379 
46.131357 43.428356 44.709926 58.007831 
47.490015 44.112277 45.071405 58.626111 
46.12887 42.677371 43.738718 56.680004 
44.429148 43.17686 43.86969 59.936337 
48.063079 47.710085 48.811143 64.576541 
45.612504 43.712011 45.917345 61.531871 
48.023581 45.208649 46.527911 59.998521 
46.337578 53.483668 47.27126 62.259951 
48.118428 45.311252 46.55425 59.894968 
45.646664 42.323215 42.961132 55.680881 
44.410038 41.101067 42.134612 54.981543 
46.018603 44.553673 46.714951 62.256713 
40.233634 45.306867 45.207967 57.545707 
36.42635 44.120225 43.923686 56.192431 
43.31814 45.532003 45.439814 57.75262 
36.374821 44.287444 44.240094 56.495836 
37.806308 44.977407 45.009531 57.07248 
37.561771 44.130508 44.042057 56.131194 
38.195294 45.22671 45.102711 57.345661 
41.85142 46.078001 45.838116 58.197042 
39.431664 45.876604 45.60876 58.048897 
34.877644 43.090109 43.095898 55.352554 
39.537991 44.72605 44.721043 57.031678 
39.270737 45.084402 44.996723 57.349599 
37.97201 43.856082 43.555836 55.603801 
39.962758 43.649295 43.753616 55.774355 
36.054014 44.022925 43.843165 56.212214 
39.670195 45.358099 45.157708 57.352415 
37.672509 43.936062 43.866153 55.89845 
39.259273 44.776739 44.746381 57.049196 
39.723466 45.018687 44.89363 57.243648 
37.785062 44.295728 44.121707 56.001729 
37.70464 44.941842 44.820949 57.104339 
39.981699 46.179606 45.815355 57.950882 
43.116568 44.397241 44.244719 56.565721 
37.831842 44.740458 44.534073 56.832625 
41.130521 44.800241 44.619465 56.935446 
38.586865 44.247568 43.982068 55.996902 
40.303915 45.964026 45.930579 58.237055 
40.358853 45.829103 45.779304 58.103685 
41.414744 45.626775 45.485303 57.738756 
36.846129 44.976853 44.87838 57.356335 
36.560455 44.117452 43.915311 55.997254 
38.748479 44.819989 44.808339 57.112684 
35.328152 42.949049 42.954992 55.179754 
41.605485 44.605303 44.434263 56.756985 
38.786495 45.193145 44.985149 57.21077 
39.652357 45.359605 45.334245 57.585132 
37.886936 46.524581 46.343054 58.720607 
41.809696 44.714265 44.554498 56.807386 
40.380535 46.05536 45.863104 58.258762 
35.423307 43.961976 43.970431 56.210947 
40.053276 44.784396 44.457567 56.765326 
35.025745 43.268438 43.138262 55.160432 
41.637901 46.072655 45.937759 58.286664 
37.995383 43.841214 43.697919 55.691387 
39.635289 44.077552 44.042454 56.151345 
37.660319 45.24021 45.112419 57.344562 
37.192623 44.690119 44.30294 56.444787 
41.482995 46.07134 45.837796 58.08589 
37.683343 44.61309 44.487427 56.56542 
39.963726 46.15448 45.967544 58.233358 
35.16494 42.242389 42.149055 54.237509 
40.637232 45.17835 45.038408 57.398281 
38.739323 44.338399 44.231381 56.540675 
38.438833 44.772782 44.447538 56.483421 
34.609976 41.954189 41.876244 53.856505 
38.24062 43.999458 43.806683 55.834385 
32.40346 41.869037 41.68169 53.495064 
38.555228 44.193581 43.845809 55.959498 
38.209693 44.629379 44.439004 56.382839 
42.316679 43.290804 43.363506 55.377893 
38.531387 43.409006 43.043803 55.119819 
48.313568 42.745471 42.720604 54.646634 
41.572078 44.689479 44.541333 56.790812 
34.310598 42.764899 42.661574 54.401699 
34.339391 41.62931 41.398004 53.316898 
39.589247 44.795149 44.742804 57.056591 
38.687546 43.76203 43.526677 55.694625 
44.370892 43.701461 43.407932 55.527808 
38.312934 44.44474 44.325244 56.522052 
34.781288 43.094071 42.874308 54.837316 
36.035576 42.383842 42.407326 54.611705 
41.282288 44.170947 43.852182 56.079116 
37.623766 43.870513 43.819696 55.85412 
39.968172 43.473563 43.490582 55.631241 
34.337587 42.934371 42.794567 55.007697 
45.284282 43.210862 43.141133 55.169395 
37.428838 45.100302 45.047717 57.106394 
40.35662 44.521673 44.167992 56.393263 
36.430886 42.952737 42.792728 54.707387 
35.497156 43.980934 44.010457 56.005252 
37.071736 43.57487 43.44932 55.481734 
36.772127 42.064672 42.002844 54.214555 
36.658537 43.309636 43.492934 55.443206 
40.539214 44.436666 44.087267 56.272757 
34.614149 43.252665 43.234291 55.461139 
37.922296 43.729405 43.400543 55.53652 
37.523533 43.317291 43.143336 55.073726 
41.522172 43.14964 42.989229 55.160989 
38.255998 41.726839 41.758798 53.898588 
37.696246 44.512787 44.27124 56.726068 
38.760362 44.941513 44.681871 56.743219 
48.285299 43.799916 43.638661 55.84995 
36.271142 42.602358 42.590787 54.802718 
32.987564 41.963066 41.919039 53.631493 
37.68982 44.141928 44.053629 56.156244 
37.015863 43.827619 43.560177 55.656326 
36.736791 43.796135 43.660483 55.763875 
36.246478 42.832172 42.824913 55.072922 
37.467694 44.451288 44.116516 56.388955 
36.882715 45.09181 45.052415 57.478287 
19.540685 20.565729 20.464591 28.397695 
23.827191 30.70411 30.382604 40.580731 
23.371898 31.039261 30.73913 40.772303 
20.348292 27.021559 27.258714 36.777164 
23.999004 27.362788 27.532945 37.154151 
24.123392 31.689286 31.130321 41.350904 
25.895337 31.17732 30.70308 40.585699 
22.754919 21.005278 21.18765 29.581401 
33.029632 29.540019 29.10938 39.133084 
23.374498 27.852986 28.040029 37.595967 
24.110763 30.999633 30.63672 40.751308 
21.959883 20.372905 20.410986 28.61027 
30.454462 28.607419 28.322 38.083705 
23.367188 30.494667 30.228117 40.381315 
25.859857 31.478261 31.065852 40.965068 
24.457175 23.476713 23.520179 32.765093 
32.135467 30.090157 29.719931 40.255232 
32.956887 30.692442 30.277293 39.925314 
32.433052 30.268578 29.879769 40.056449 
32.191495 32.70123 32.363574 42.37104 
32.567686 30.416728 30.088136 40.274968 
27.988089 26.204961 25.784361 35.118033 
26.757563 25.320627 25.110975 33.990071 
23.054689 22.185714 22.250079 31.040668 
31.211076 30.522525 29.956483 40.040025 
26.80723 32.046685 31.757466 42.36144 
23.06564 24.255983 24.195486 33.993641 
19.350769 25.767168 26.018782 35.472654 
26.407811 25.039533 24.883009 33.638765 
18.530737 21.244878 21.16641 29.38681 
25.470194 23.743761 23.852448 33.08042 
17.935091 23.862081 23.858265 33.394397 
26.010759 32.406723 32.024063 42.742542 
32.099893 30.083672 29.73384 39.970635 
33.949175 30.916618 31.002596 40.504533 
22.365783 27.436442 27.783739 37.667985 
30.281146 28.682147 28.420263 38.181702 
22.747251 22.184905 22.341636 31.082505 
18.453582 21.224919 21.198804 29.220983 
18.943124 19.201442 19.117719 26.125441 
33.924228 31.213282 31.305573 40.89413 
22.019247 21.077554 20.978128 28.765766 
29.993207 28.763504 28.520496 38.289944 
24.143231 26.545651 26.775233 36.454437 
16.138093 19.407413 19.332434 26.779158 
27.010923 26.68228 26.473553 35.819748 
34.477621 31.745988 31.32083 41.819574 
32.091878 32.144483 31.68645 42.324499 
24.357902 23.530042 23.725801 32.389733 
25.138532 24.596499 24.773533 34.013902 
41.353138 37.866813 37.834889 49.45755 
42.937637 39.927066 40.188838 52.880767 
42.768753 38.249195 38.23459 49.983279 
43.557316 41.018369 41.604007 54.209936 
38.836308 35.421011 35.424319 46.844548 
42.366836 39.425023 40.073414 52.689307 
40.782387 37.589838 38.333954 50.708784 
43.452862 40.415256 40.819563 53.734447 
43.236565 38.510764 38.526229 50.239873 
39.979417 36.800623 36.87372 48.545449 
40.264202 37.036942 37.06315 48.609717 
44.380232 40.834263 41.063491 53.501101 
41.727853 38.81973 38.811969 51.226725 
43.661996 40.275458 40.442198 52.753504 
40.200641 37.04163 37.215336 48.858165 
40.429026 37.246326 37.235414 48.986458 
42.468521 39.194084 39.357372 51.557534 
44.600237 39.98476 39.982149 51.858769 
39.772051 36.324923 36.319651 47.845968 
43.705191 40.194928 40.251483 52.447743 
42.921238 40.247525 40.858402 53.713446 
43.416882 39.241463 39.228261 51.06556 
41.530082 38.011473 37.958472 49.724551 
44.72982 41.184338 41.408475 53.819223 
38.298331 35.188231 35.160647 46.551354 
38.939038 35.643557 35.676947 47.164981 
40.707014 37.683086 38.254289 50.762589 
42.618225 39.60598 40.483312 52.958527 
45.250431 40.980357 40.953437 53.073676 
41.052172 38.114408 38.898094 51.591422 
44.431435 39.760458 39.750607 51.719321 
42.965085 39.470792 39.415881 51.44537 
40.387512 37.03073 37.190732 49.09144 
44.583102 40.252992 40.250347 52.25001 
44.357348 40.862582 41.034278 53.389103 
43.285071 39.239669 39.226601 51.073621 
39.438118 35.856455 35.856684 47.320059 
41.210855 37.439875 37.469589 49.160348 
41.980003 39.196903 40.186979 53.014244 
44.464176 41.054053 41.268973 53.883615 
42.252183 39.336534 39.507789 51.822244 
44.207884 39.987624 39.942355 51.922698 
40.01045 36.808361 36.994144 49.229212 
40.638868 37.339879 37.48382 49.428778 
40.519187 36.752468 36.749536 48.376844 
44.109159 40.747836 41.334746 54.233261 
44.083706 39.44368 39.474569 51.285947 
42.054409 37.691472 37.686681 49.400326 
43.3813 40.153962 40.375843 53.015364 
44.10495 39.574121 39.589321 51.398602 
