172.037895 178.595907 162.057042 150.753007 145.028052 154.609377 
171.982111 178.547366 162.018673 150.750896 144.9556 154.521366 
162.659742 161.114313 163.500533 152.09672 128.471927 134.490204 
164.015251 155.704639 168.65227 159.928674 136.035021 139.724558 
143.159756 131.400674 157.66197 176.895761 144.561165 145.739005 
143.068454 130.646044 157.827589 176.657684 144.498218 145.611234 
192.278074 144.091333 156.463797 174.303485 141.877948 142.75812 
160.451029 151.26372 158.271995 167.629479 134.060383 139.251565 
133.495373 127.405041 135.672569 169.495092 173.340042 162.0844 
144.750098 127.536628 147.49077 169.920673 151.580052 151.743971 
140.508163 125.304353 157.51299 178.542836 146.302024 145.883045 
139.563566 125.525755 155.919877 178.55744 145.946574 145.02221 
150.058927 152.379692 142.29547 161.204551 166.506091 156.156695 
163.62665 156.951328 228.658378 158.938364 135.294093 139.101607 
158.506329 150.597096 159.439345 166.794892 137.671255 142.661071 
140.965669 126.981515 156.877756 178.24722 145.889561 145.525443 
164.311868 156.75477 241.136128 158.454655 135.900319 140.512942 
145.901792 169.427249 139.183197 159.047064 178.679034 153.604299 
138.743969 124.524833 157.671838 178.495194 146.264722 146.079096 
163.676379 162.105028 164.685126 151.176483 130.272038 133.770255 
159.501221 149.634876 156.997426 168.317509 136.850382 137.797889 
154.603573 141.598014 152.822579 170.21249 140.773706 139.908215 
161.693182 156.253557 166.223139 162.643393 132.727641 138.432335 
144.80563 146.233926 131.247869 165.380358 170.144896 159.027936 
152.935075 153.929155 150.762629 160.074051 144.93035 146.506844 
149.444265 172.816869 144.130421 158.490795 166.886374 154.144808 
162.837967 160.232118 165.711007 157.659281 133.063105 135.83658 
146.472161 135.562015 154.76079 176.801742 144.4596 143.99259 
139.179127 152.233976 118.945948 161.733705 170.976149 152.303524 
165.599734 163.317849 168.074108 149.916118 135.885562 146.035775 
145.683687 160.077215 131.993126 154.569768 168.659747 147.125189 
165.446075 170.339743 162.100476 136.127776 116.964747 134.273898 
140.154054 151.169762 117.035824 162.651503 171.05692 154.918065 
166.354655 175.012625 156.126528 149.796713 128.078931 134.1085 
158.056635 168.610869 147.350989 146.134006 110.278306 128.900352 
168.633565 168.954454 169.631264 117.486011 132.947904 149.652225 
161.14896 160.08078 161.904488 151.366968 128.329355 131.181772 
157.905199 169.006418 148.003028 149.944194 158.048133 141.781117 
139.452879 132.668329 162.777639 175.54745 145.507279 149.943181 
168.063382 167.040682 169.359339 137.637092 132.315218 150.527909 
168.180389 166.887222 169.977245 143.218104 133.717738 152.397602 
170.060407 175.022533 161.079328 144.336033 137.694646 146.559255 
162.554374 164.119488 161.546657 144.69259 122.596968 128.55875 
162.232258 156.58318 239.109119 161.655835 133.227529 139.156923 
165.074846 170.731913 155.08966 140.107319 116.249974 129.13886 
166.218505 159.333262 168.191349 154.376646 138.397898 149.412747 
163.748718 156.946435 240.993709 158.475778 135.678039 140.278054 
166.917162 163.410797 169.888474 151.024995 139.181275 152.755707 
144.676898 133.823981 156.36932 177.337992 144.657989 144.645679 
164.795837 160.34551 168.125139 154.069064 134.106684 139.793562 
155.609541 149.265064 159.59556 168.402628 137.64935 142.736399 
157.062417 154.547125 231.931025 158.752782 134.742119 134.740152 
169.801547 174.627973 159.779365 145.830465 137.674546 145.86702 
163.162531 168.243667 159.621561 138.433188 108.865919 118.638803 
143.892334 133.469772 162.73795 174.733684 144.80659 149.301466 
162.347132 174.204258 152.371482 153.374775 145.516542 140.247715 
157.547572 150.736574 160.02869 167.667066 138.43086 143.562922 
186.426847 133.988424 152.03904 173.780294 145.987762 141.475572 
161.511299 166.894091 157.764244 137.106389 121.687822 127.141762 
171.151146 177.416718 160.253641 150.593082 140.899487 149.443218 
150.209723 152.055525 145.424134 162.194835 164.641022 153.438316 
162.810152 165.769155 162.650788 139.408859 120.058372 127.177194 
164.217616 155.846171 169.709367 159.97549 136.391817 140.570813 
164.672113 157.110917 167.244277 160.028558 137.427457 143.016447 
144.219996 132.841315 155.973807 177.594305 144.981098 144.461674 
169.097853 175.594638 159.13473 140.773926 135.875541 144.076908 
167.84168 167.266127 168.171285 132.198456 133.663724 148.853114 
172.537507 178.371914 161.86122 151.632742 144.738015 153.175585 
172.525632 178.359131 161.702204 151.594655 144.706413 153.136778 
145.743912 137.239736 157.402298 176.423569 143.833773 145.10922 
146.029415 136.939524 157.58402 176.356388 143.848974 145.109548 
162.904704 154.61221 161.931287 160.726656 135.620899 140.447931 
162.922463 152.332388 160.829811 167.035913 137.715672 143.133853 
150.748794 144.457475 159.294184 174.492511 141.474134 144.681433 
166.894549 165.264894 170.008998 149.723544 135.650435 153.233003 
157.450866 159.29242 155.077056 154.812669 137.907881 139.196455 
163.836655 162.177871 164.937196 151.482199 130.744117 134.019359 
167.988529 170.577147 167.339596 116.76576 129.876672 146.773669 
169.851357 174.714635 159.873362 145.976839 138.449107 146.386938 
132.573277 127.103777 135.861262 169.846291 173.473169 162.335136 
149.380105 138.669598 153.835949 174.197628 142.991962 142.685795 
135.506323 158.057081 127.696807 157.091315 177.607291 160.581602 
189.185461 143.093554 156.558377 174.809802 142.255078 143.34603 
167.007191 172.334245 160.807955 137.869228 126.491976 134.764103 
141.599719 127.634695 156.571742 178.043777 145.714506 145.146125 
139.682901 126.059056 157.867818 177.661273 145.597831 146.025523 
139.746099 123.978445 156.17822 178.828748 146.140488 145.391812 
141.440238 128.493945 157.099995 177.923022 145.375666 145.562619 
145.26197 134.527222 157.832964 176.454107 144.273357 145.330192 
146.662729 137.660742 157.990922 175.932931 143.85672 144.711311 
144.555299 135.706618 157.375603 176.649984 144.085366 145.391037 
146.577718 128.032475 146.859696 169.599857 151.364332 152.222745 
189.427731 124.398608 146.143731 171.525661 153.977067 153.917662 
144.132765 135.680263 141.561312 167.018438 154.513473 154.745223 
158.481809 148.664313 156.502409 168.818651 137.711495 138.427133 
146.351298 150.360208 136.474118 162.98822 168.624593 157.969542 
159.346771 157.442914 158.965637 155.903498 131.624026 134.044368 
159.118529 157.671083 159.902631 155.736375 131.45659 133.931838 
159.191426 157.514319 160.827771 155.988568 131.868944 134.068558 
159.262503 158.111109 158.008777 154.244822 130.986046 133.377861 
159.212367 158.094927 159.47716 154.323817 131.089758 133.392246 
159.408693 157.948139 159.265008 154.520661 131.222202 133.455879 
159.077809 157.623557 159.966079 155.46169 131.56013 133.733196 
159.147268 158.170794 157.791913 154.423521 131.763629 133.157555 
159.076406 158.045703 157.395642 154.375758 131.849936 133.228078 
139.04934 150.385428 121.650506 163.494202 171.265957 156.085877 
154.938017 151.997914 151.239675 160.89765 139.021675 135.977125 
160.680399 158.370456 164.106057 157.363137 128.86239 134.327147 
137.370089 121.363623 139.380319 169.335095 168.282224 159.938045 
121.457482 136.023712 127.643681 170.435995 176.1456 162.016697 
119.158614 136.509915 126.643082 170.926635 176.385368 161.300262 
156.045877 166.170473 144.012466 144.942748 155.932989 136.316983 
155.948392 152.499236 153.936746 161.041604 136.300704 136.012688 
159.129069 157.228088 160.636415 156.218723 131.874252 134.10792 
156.181874 153.507903 154.09725 159.573601 136.696842 134.515138 
158.338769 156.718568 159.519272 155.976619 133.118239 133.698646 
141.391735 132.919529 139.07557 167.77978 163.620087 158.041662 
166.694798 172.947287 156.640933 142.649232 125.910359 131.871522 
147.378802 149.111708 215.706774 163.723151 167.199172 156.461502 
145.009753 130.906898 143.86197 168.931078 152.586444 153.056112 
160.632296 160.731771 160.723089 150.542691 128.501465 131.669015 
158.938701 157.339371 159.316491 155.668786 131.798116 133.855663 
158.624969 156.996891 158.273696 155.430243 132.821655 133.913688 
165.465192 156.555835 163.5888 162.731395 139.010267 144.322504 
118.22075 135.324769 128.72276 170.845636 177.079604 161.759695 
145.229169 131.596579 143.708263 168.859644 152.496839 153.352106 
138.445876 115.083663 143.698314 170.62587 155.382088 156.337986 
157.606546 145.478096 155.735868 171.945543 139.529917 141.31996 
154.821426 152.301972 151.536894 160.367214 142.229753 138.84982 
145.964709 136.867041 157.561405 176.364005 143.856105 145.104035 
152.582602 156.21066 148.498337 158.399844 162.260815 151.415269 
162.557134 156.038645 239.589579 160.809064 133.993154 138.900413 
159.015489 157.893359 159.114454 154.597221 131.917895 133.283768 
159.058362 154.429313 158.79237 162.370285 134.440928 135.699441 
160.828835 155.35773 161.166853 163.86048 132.437047 137.632816 
167.871664 166.430311 169.144928 136.724153 134.179672 150.651815 
162.777805 154.218359 160.859534 160.087036 135.314207 140.37263 
142.186722 155.543338 123.06813 159.901302 169.784558 151.244492 
150.534104 157.247327 143.387065 156.182211 163.476623 152.289328 
158.77661 156.792386 160.414318 156.864278 132.345045 134.497065 
155.123017 154.414879 228.863052 159.170084 142.667983 141.908508 
157.040757 154.777804 231.575806 158.189863 134.833918 134.546605 
137.979427 119.754081 140.138029 169.19939 166.224572 159.632979 
163.10307 155.617593 166.311042 160.042175 134.615776 138.870988 
162.768161 154.841077 165.640482 159.896262 134.7956 139.282228 
163.305894 154.791637 162.585408 163.17354 136.998935 140.300324 
120.594911 138.488381 121.506852 170.564306 176.180977 159.92778 
120.986129 138.931202 117.635603 170.207726 175.846172 159.343425 
156.169536 153.703242 154.53972 159.702477 136.225778 135.039469 
144.432709 133.91047 158.377229 175.859146 144.336638 145.137663 
163.256105 171.764431 152.350144 143.520319 122.548776 105.985927 
138.504682 130.086244 136.324676 168.312618 170.871028 159.877835 
143.002194 136.136119 138.256696 166.925968 164.096845 157.575891 
157.412521 148.28011 158.944315 170.505329 138.483779 141.928605 
137.758916 111.832647 141.406768 170.016781 164.877749 159.751836 
158.940639 156.791523 159.730715 156.302684 132.260606 133.973346 
140.401042 142.573449 125.343564 167.140934 172.008328 161.044995 
153.470238 150.676959 149.224747 161.494335 144.622029 143.987822 
155.756258 152.983788 153.906911 160.468607 136.191496 135.596846 
158.898374 157.841731 158.624634 154.647062 132.022464 133.492161 
159.709707 161.87876 158.525064 151.255416 128.052018 129.795998 
143.680769 130.152331 142.63811 168.652075 154.30893 155.257866 
158.266226 147.756927 156.095448 168.339858 137.614819 139.146754 
167.964388 173.315031 158.983835 139.702786 129.690314 142.973328 
139.794984 125.127372 156.836092 178.580047 146.090923 145.461212 
158.943706 169.090467 148.601037 146.264376 208.169835 127.599777 
143.999085 133.290852 156.982821 177.122396 144.457313 144.912375 
187.404324 139.832139 154.417891 175.764507 143.535718 143.134091 
139.267009 134.798153 134.055737 167.821418 171.215707 159.943291 
166.86446 162.144257 170.77429 153.320479 140.4979 153.739604 
133.289066 116.753656 139.484553 170.287979 172.376348 161.417262 
170.404363 175.124343 162.663842 143.976865 137.769947 147.042402 
148.412956 144.596056 144.770211 164.694542 149.188285 149.541284 
151.98961 169.009778 141.296497 152.654734 170.646161 147.886683 
147.895684 150.188977 139.224281 162.645281 167.753613 157.543927 
163.970945 175.227746 155.290164 151.891279 125.181368 132.575489 
170.361697 175.558353 161.007197 145.483462 140.000868 149.266982 
189.166623 142.850356 156.411777 174.383362 141.794439 142.869156 
160.363915 150.920925 162.476665 168.341818 140.926375 144.258542 
141.472312 154.904015 121.159307 160.687092 170.430139 151.842279 
191.930265 142.279896 157.257275 173.913892 142.499411 142.217947 
165.863646 164.392675 153.488875 145.896146 132.268923 139.933826 
160.541848 176.96784 150.199359 158.050852 143.055636 142.856628 
125.453094 115.512045 137.733772 171.197591 174.930272 163.950956 
169.229726 170.913075 169.700667 126.568875 135.835049 149.536359 
167.062357 165.47868 170.492364 149.041156 135.835937 153.369221 
140.278769 117.702815 145.179953 170.303472 153.893684 153.972349 
123.242638 134.934798 127.788942 169.705186 175.661526 162.83244 
161.54864 152.641347 159.160127 165.228409 134.754072 140.348553 
163.133409 154.625232 161.620293 163.600174 137.329172 140.446191 
132.562987 118.742976 138.976597 170.209171 172.548538 161.786982 
165.635408 166.712187 166.385142 127.88446 126.814204 131.900458 
132.126427 127.674342 135.584797 169.819529 173.947027 162.65163 
167.503963 168.293161 168.184419 95.902572 129.01188 147.739214 
170.405723 175.229788 160.770466 146.739625 139.213015 148.567102 
145.083393 134.573487 157.741457 176.57047 144.257736 145.385731 
170.505056 175.156873 167.055975 137.793871 135.523596 223.088882 
159.642204 151.623761 162.682552 168.633503 141.602106 143.606403 
157.0167 147.253958 149.973933 164.659887 138.131895 140.733249 
199.3196 153.939816 163.746219 169.944345 143.162978 145.407743 
141.362975 162.499247 133.115053 155.555558 234.450406 157.836918 
127.727492 139.053482 123.850068 169.115219 174.79818 162.276046 
137.269737 155.662322 121.472484 156.485696 175.851211 150.077776 
151.903092 169.005022 140.692567 152.767104 169.806131 148.11853 
132.730852 131.712627 133.099061 169.184609 173.736802 163.257566 
166.920409 159.720676 170.972897 154.854017 140.150648 152.84535 
132.380193 115.303837 139.870426 170.50672 172.559243 161.691727 
156.137609 145.480298 156.37677 172.003109 139.720374 141.115216 
149.82001 137.52944 152.039893 172.571865 142.876246 141.461897 
162.935074 159.786328 166.147952 158.373007 133.538665 136.33775 
139.161711 125.557128 158.134622 177.245102 145.50153 146.348139 
134.881431 127.829923 159.556194 174.677359 146.197173 146.273256 
139.409942 126.394453 158.192202 176.506075 144.984831 146.088711 
152.195607 141.17364 154.727642 174.619242 142.001526 142.487976 
151.613699 140.2481 156.688213 175.176131 142.718789 143.774771 
186.582166 133.471329 152.06857 173.787029 145.997689 141.113233 
161.545113 155.400277 164.181739 163.144344 133.012112 138.719819 
171.493039 178.00944 161.688973 149.825894 144.012112 154.602285 
149.822208 139.471767 154.425054 174.616938 142.723444 142.446975 
150.196143 142.738045 158.254223 171.923851 142.653513 143.554221 
165.467275 163.120109 168.973992 150.249078 135.876428 145.724346 
139.052282 125.092129 157.964071 177.510524 145.725797 146.265664 
145.095904 134.460218 154.087564 176.388745 144.499954 143.13078 
144.589324 165.286448 133.783889 154.688599 231.305334 156.385172 
164.925182 161.022045 167.773197 152.90717 134.179175 142.188704 
162.872474 154.34924 160.427633 163.870288 136.585966 140.998308 
147.315452 140.550187 143.809132 166.501675 150.578424 150.92719 
138.865219 109.724353 144.276974 170.830831 154.89754 156.424757 
137.467752 126.488716 158.784019 176.447644 145.470386 146.252876 
141.63549 128.045234 156.51426 177.93297 145.659859 145.151021 
188.56491 113.350937 146.407783 171.842738 154.01761 153.954439 
140.0116 129.456201 138.964927 168.155557 164.556675 158.568459 
163.398839 156.522204 233.229873 159.29346 135.416117 139.009411 
149.211315 143.47761 160.720125 173.313778 142.701086 147.45248 
139.597363 125.99011 157.759801 178.23536 145.755774 145.952894 
170.302664 175.290459 160.85766 147.006832 139.567294 148.951135 
195.99115 148.876642 162.845444 170.00173 141.272858 145.852872 
161.811709 155.37665 163.999364 164.019991 141.530805 146.293289 
157.993061 152.203605 161.559119 168.481053 139.078658 144.321749 
171.760398 176.994589 162.682467 147.117552 144.17064 154.724706 
141.710789 119.09486 146.521762 171.381323 153.543719 153.44508 
146.746064 134.455356 153.975851 175.469755 144.083407 142.822933 
152.756084 170.083342 141.517225 152.061419 166.91312 183.465543 
155.482137 143.507332 156.27757 174.018941 141.422769 142.781878 
147.668677 141.44876 157.45059 174.886202 143.247642 143.573887 
149.641679 138.96432 153.457904 173.74154 142.611932 142.266339 
139.979535 126.548297 158.119608 176.530805 144.974181 146.085198 
138.343929 125.429969 158.263883 176.930246 145.410342 146.497151 
124.385725 115.114687 138.576843 171.599425 175.276785 163.924831 
156.851541 146.892005 157.228292 171.792373 139.85122 139.903374 
169.945467 175.128083 160.740675 144.500968 137.373746 146.305471 
163.916036 159.238256 166.330092 159.739434 134.436518 140.812752 
167.153505 165.859963 168.679064 139.881566 136.663057 148.712644 
143.156117 129.242061 152.298631 175.11695 147.5459 143.314744 
144.938848 132.372311 152.78936 174.968814 144.411352 142.892424 
143.430801 131.832329 152.908968 175.342702 144.869213 143.158129 
119.562109 138.515153 117.768433 170.440269 175.9297 159.328024 
135.987444 149.971163 110.830181 164.219987 171.842461 155.039204 
144.979139 133.235923 157.581732 176.967334 144.445901 145.720778 
139.111343 115.066792 141.620138 169.7822 163.352737 159.177569 
159.071199 161.54659 157.168897 150.797611 134.588021 135.744578 
166.198201 164.650251 168.085166 144.996554 135.482172 145.972542 
166.206628 164.674484 168.130999 144.877539 135.461244 145.875685 
166.206035 164.739998 168.136455 144.766542 135.332232 145.992835 
