35.940185 47.422615 
33.139323 44.217733 
33.375193 44.496594 
34.160203 45.430506 
34.237833 45.494545 
38.912325 50.725507 
32.780386 43.840446 
36.029451 47.656759 
36.941904 48.614307 
35.208841 46.595322 
36.670116 48.266074 
37.946115 49.686214 
37.477914 49.148526 
31.480313 42.286444 
38.652883 50.343643 
36.643226 48.215439 
36.550327 48.277654 
33.387722 44.534708 
33.748712 44.938056 
33.464446 44.58657 
34.360562 45.574127 
37.634999 49.376062 
34.531228 45.783836 
36.871034 48.479543 
34.443039 45.687661 
36.710035 48.285174 
36.531753 48.135324 
38.809387 50.607159 
33.127833 44.188544 
33.089895 44.160989 
33.661546 44.839551 
36.467524 48.0072 
36.432604 48.048403 
37.714498 49.432444 
38.445882 50.12846 
37.950486 49.61719 
34.491564 45.710443 
33.998595 45.173769 
35.341087 46.732959 
37.818668 49.49384 
37.773752 49.436882 
38.093525 49.798299 
37.752553 49.518632 
33.851111 45.024512 
35.909189 47.258999 
33.171374 44.281932 
37.178859 48.833473 
35.072531 46.441017 
36.119108 47.614297 
36.552302 48.056974 
40.086534 51.999634 
40.846991 52.860072 
40.668529 52.70509 
40.129341 52.035427 
40.40222 52.384225 
38.447819 50.125546 
42.117194 54.168123 
36.504886 48.083799 
38.237989 49.928524 
37.881516 49.523123 
39.901219 51.787063 
42.27287 54.346639 
40.592338 52.525236 
39.331239 51.211645 
37.215147 48.78736 
40.570802 52.662707 
38.856144 50.738809 
38.729869 50.498307 
26.271851 47.12197 
40.260339 52.248218 
40.186207 52.154921 
40.086866 52.063954 
41.01213 52.989869 
40.113142 52.081857 
39.347315 51.122909 
37.439437 49.154525 
38.943464 50.787221 
39.476759 51.362602 
40.908813 52.888538 
41.68226 53.746731 
40.069046 51.949452 
38.165124 49.851198 
38.906574 50.734347 
40.914395 52.968536 
41.879168 54.03823 
39.455231 51.312173 
38.49281 50.297317 
36.637236 48.250776 
40.067518 51.913783 
40.153647 52.171208 
38.897207 50.734506 
41.137026 53.355165 
41.450246 53.494752 
39.564174 51.47769 
40.594415 52.539519 
40.629431 52.598146 
39.977187 51.910604 
39.657651 51.538058 
39.872118 52.025056 
39.577954 51.387235 
30.861289 41.705367 
30.661505 41.379683 
29.863991 40.359536 
29.640763 40.11926 
24.249295 33.401624 
27.638574 37.687083 
29.477197 40.024706 
25.899362 35.538696 
28.300032 38.548537 
24.18193 33.341363 
27.522696 37.611506 
31.890965 42.855879 
26.334278 36.099066 
22.94971 31.567504 
25.940785 35.588848 
23.724175 32.528765 
32.778999 43.825313 
31.703805 42.58905 
29.18938 39.745725 
29.232059 39.579703 
27.754302 37.834032 
30.767542 41.494956 
28.73018 38.991974 
29.026492 39.469339 
23.549992 32.533064 
30.534043 41.204735 
25.859973 35.451208 
31.140281 41.916089 
23.193634 31.875184 
30.449312 41.087243 
29.319158 39.73559 
25.516417 35.162181 
22.885755 31.6478 
32.009919 43.012999 
28.553787 38.875366 
25.366466 34.854871 
26.277981 35.848484 
32.47001 43.488907 
23.642488 32.596886 
29.923318 40.491297 
31.286372 42.059843 
29.19678 39.796043 
26.709256 36.57526 
23.762657 32.722544 
28.002372 38.210232 
30.455893 41.210667 
31.381647 42.153505 
31.09297 41.890808 
26.661621 36.466158 
31.072415 41.89571 
19.319557 26.631909 
20.889987 28.641532 
17.339706 23.645461 
10.934165 12.182264 
21.10621 29.149469 
16.012021 21.48243 
21.93307 30.137617 
20.342099 27.938721 
13.337043 16.990455 
10.212837 10.551185 
12.683633 15.381797 
17.029208 22.730434 
23.910417 32.987 
10.0 10.0 
17.72004 24.333367 
12.798942 15.887168 
17.302831 23.599583 
18.737126 25.59984 
10.0 10.0 
20.607735 28.496981 
15.53384 20.948799 
10.0 10.0 
10.484331 11.108417 
12.690444 15.463701 
10.0 10.0 
17.416537 23.804352 
10.0 10.0 
10.0 10.0 
10.0 10.0 
10.0 10.0 
11.112728 12.632792 
22.819208 31.339426 
18.662343 25.676972 
10.0 10.0 
13.573566 17.301278 
17.847282 24.465011 
21.095694 29.065001 
22.544697 31.211872 
10.0 10.0 
10.0 10.0 
10.0 10.0 
10.0 10.0 
17.422791 23.537142 
19.632876 27.132825 
19.406878 26.787856 
18.497314 25.445646 
10.0 10.0 
10.0 10.0 
10.0 10.0 
10.0 10.0 
18.403352 25.246546 
13.633823 17.667773 
10.0 10.0 
19.149107 26.368389 
20.955196 28.977247 
10.0 10.0 
10.0 10.0 
10.0 10.0 
10.0 10.0 
10.0 10.0 
14.222139 18.579169 
10.0 10.0 
10.0 10.0 
15.41622 20.433593 
21.396252 29.371246 
16.933981 22.78802 
10.031566 10.063196 
15.043811 19.623434 
16.758595 23.027225 
10.0 10.0 
10.0 10.0 
10.893026 11.996856 
20.389214 28.192846 
10.0 10.0 
23.018848 31.57535 
14.178647 18.770331 
10.0 10.0 
10.0 10.0 
19.182775 26.435207 
11.505285 13.503227 
10.0 10.0 
13.032587 16.247219 
16.837589 23.15821 
21.359732 29.430585 
10.0 10.0 
13.451899 17.102626 
10.078325 10.172833 
10.0 10.0 
12.846822 15.819362 
18.327605 24.864465 
13.93403 17.972975 
10.0 10.0 
18.603373 25.265311 
10.0 10.0 
16.441852 22.458446 
10.0 10.0 
10.0 10.0 
10.0 10.0 
10.0 10.0 
13.539633 17.039833 
34.472407 45.784586 
35.363983 46.749256 
33.883889 45.063778 
35.567815 47.029015 
38.89258 50.663757 
38.654767 50.441066 
39.169633 51.041402 
36.961029 48.525758 
39.370768 51.22771 
35.489533 46.845152 
37.606131 49.57677 
37.567841 49.261139 
35.244671 46.6649 
34.836589 46.226976 
34.41147 45.666239 
37.494593 49.137823 
34.628066 45.992339 
38.048467 50.008871 
33.655024 44.857534 
38.12704 49.817799 
33.237058 44.34506 
35.783622 47.24347 
32.704318 43.722837 
37.862651 49.588705 
35.136595 46.48718 
38.763388 50.532472 
38.28845 49.960853 
36.894889 48.439143 
36.251 47.840338 
36.519153 48.088945 
39.354289 51.191588 
34.745404 46.078089 
33.47974 44.599728 
34.955536 46.327014 
35.883222 47.361144 
34.833738 46.126904 
34.187456 45.452438 
34.293774 45.531935 
35.572069 46.947256 
34.513615 45.740267 
33.482322 44.664439 
36.581481 48.107798 
34.793581 46.131712 
33.755969 44.940348 
36.654879 48.399241 
36.564909 48.116333 
36.49629 48.439067 
39.18631 51.184031 
33.187961 44.252683 
33.304494 44.425895 
28.928793 39.319936 
29.993595 40.598402 
31.402925 42.710983 
30.687179 41.821388 
26.598273 36.429988 
23.1406 31.989684 
21.127223 29.247119 
24.429985 33.680915 
29.11335 39.560313 
25.861204 35.426 
19.21208 26.262434 
31.586511 43.152453 
29.910799 50.677314 
28.664806 38.929255 
28.916216 39.275017 
30.662317 43.565035 
27.596427 38.376231 
24.389511 33.519173 
28.358345 38.643879 
18.850107 25.972931 
23.875598 32.953784 
26.843508 36.788107 
24.813278 34.06669 
30.969254 42.080935 
22.826489 31.552877 
29.410349 40.564754 
19.468637 26.831259 
25.331784 34.83602 
27.328263 37.468271 
32.47434 44.128376 
23.306041 32.141957 
25.143966 34.539927 
29.45629 39.894943 
31.374258 42.169916 
26.738503 36.601984 
27.191474 37.322311 
20.687208 28.604652 
30.3892 43.136651 
27.326765 37.435376 
22.842641 31.52701 
25.84015 35.443618 
27.361954 48.827639 
25.510225 34.95749 
22.852554 31.64081 
20.055402 27.62223 
18.21502 24.958125 
22.260615 30.761885 
22.684986 31.278158 
23.004729 31.73905 
26.958867 37.157776 
18.403932 25.262185 
28.519754 38.85204 
28.054889 40.957606 
27.348412 38.122754 
20.986236 29.008287 
19.921501 27.757703 
29.764581 40.335376 
18.592523 25.561391 
28.666017 39.065887 
30.478938 43.458227 
24.77538 34.10007 
21.312593 29.516196 
19.563085 27.041908 
12.541729 15.04724 
11.283428 12.849116 
23.317338 32.234683 
22.050882 30.507976 
26.477569 39.138977 
16.296561 21.989031 
22.201638 30.721441 
30.081393 43.260537 
23.452126 32.277117 
16.920478 22.995177 
13.10054 16.416612 
16.899853 22.95054 
23.442599 32.334058 
17.907237 24.495026 
15.323299 20.433761 
18.741339 25.797767 
25.375432 34.924086 
18.211259 24.98038 
23.583996 32.503668 
20.474413 28.288944 
29.895483 40.70505 
28.853672 39.531766 
24.096879 33.375928 
17.255846 23.548702 
20.247298 28.054107 
20.152842 27.627034 
27.753739 38.035029 
27.259492 36.788791 
16.817663 22.846266 
26.06941 35.736674 
13.541675 17.146452 
17.553237 23.920697 
13.870102 17.884896 
28.619139 38.904154 
25.106512 34.568113 
18.378399 25.269377 
21.805413 30.192691 
31.098249 41.894519 
30.615671 40.298511 
34.007939 45.210449 
31.930114 42.815358 
30.424501 40.963974 
30.944547 41.642215 
31.270609 42.035822 
26.571711 35.939336 
27.115537 37.191597 
33.347889 44.495603 
31.787164 42.543374 
32.556623 43.568006 
31.872814 42.592792 
32.94093 43.862756 
29.620372 39.778959 
29.755268 39.169899 
28.006906 38.00606 
31.6694 42.282775 
27.696905 37.566086 
34.070639 45.238847 
28.095641 38.157543 
26.10049 35.78969 
28.370258 38.596124 
34.942577 46.291102 
34.491299 45.801643 
28.257744 38.375357 
32.652974 43.629257 
33.440594 44.62076 
31.338522 42.102499 
31.749703 42.634948 
29.371703 39.67477 
31.788911 42.674155 
29.693626 39.864865 
30.334414 40.944141 
34.160268 45.396456 
33.830509 45.023687 
34.451477 45.677717 
31.872736 42.720723 
30.014611 39.437525 
29.916259 40.476953 
29.591935 39.871814 
32.712148 43.541943 
30.899804 41.126638 
30.600582 40.741013 
27.82302 37.441739 
32.036638 41.995283 
32.284286 43.143112 
29.615927 40.054722 
29.696006 39.994575 
34.034713 45.287751 
10.0 10.0 
10.0 10.0 
10.0 10.0 
10.0 10.0 
10.0 10.0 
12.557552 15.535505 
10.0 10.0 
10.767927 11.671356 
10.0 10.0 
10.0 10.0 
10.0 10.0 
10.0 10.0 
10.0 10.0 
10.0 10.0 
10.0 10.0 
10.0 10.0 
15.285449 20.505436 
10.0 10.0 
10.0 10.0 
10.0 10.0 
11.575522 13.450176 
10.0 10.0 
10.0 10.0 
10.0 10.0 
10.0 10.0 
10.0 10.0 
10.0 10.0 
10.0 10.0 
10.0 10.0 
10.0 10.0 
10.0 10.0 
10.0 10.0 
10.0 10.0 
10.0 10.0 
10.0 10.0 
10.0 10.0 
10.0 10.0 
10.0 10.0 
10.0 10.0 
10.0 10.0 
10.0 10.0 
10.0 10.0 
10.0 10.0 
10.0 10.0 
10.0 10.0 
10.0 10.0 
10.0 10.0 
12.910142 16.268655 
10.0 10.0 
10.0 10.0 
40.631189 52.581544 
40.639399 52.520872 
38.595424 50.362449 
40.665074 52.591948 
39.749338 51.644266 
39.376119 51.219535 
41.104964 53.044308 
40.886503 52.913002 
41.640445 53.697935 
38.978323 50.829404 
42.167586 54.222603 
41.334663 53.447464 
41.673788 53.714221 
41.788652 53.903275 
37.780236 49.516975 
37.093937 48.734319 
40.193989 52.092752 
38.021622 49.678868 
40.063849 51.87763 
40.959201 53.092492 
37.271468 48.947022 
41.398027 53.469869 
38.034264 49.894957 
41.919468 53.887187 
40.039557 51.948261 
41.023956 52.997083 
39.11742 50.930483 
41.391453 53.445468 
37.84583 49.511933 
41.316666 53.277729 
39.690801 51.593428 
41.453231 53.533356 
41.490088 53.57582 
41.041559 53.091101 
38.081535 49.916615 
39.127139 50.964438 
39.010946 50.859744 
38.210486 49.861935 
40.66039 52.619837 
40.430022 52.398737 
40.459905 52.454695 
37.372991 49.075612 
39.928067 51.865891 
37.918989 49.647942 
39.199863 51.085706 
41.960233 54.072083 
39.144456 51.029422 
38.809096 50.571316 
39.60873 51.496076 
41.248185 53.286541 
38.841416 50.56747 
40.874222 53.324288 
40.172163 52.093218 
36.829442 48.500055 
40.508855 52.575491 
40.157768 52.374756 
39.51186 51.527769 
40.666006 52.962858 
39.400759 52.06427 
39.612429 51.686402 
38.6981 50.578695 
41.163413 53.653424 
39.472334 51.399939 
39.628527 51.568133 
38.185251 49.87227 
41.973598 54.42925 
41.782942 54.569708 
38.445452 50.494831 
40.213068 52.199697 
40.169687 52.492662 
39.596216 51.453158 
42.250885 55.187741 
40.428506 52.490763 
39.022009 50.867628 
40.522254 53.031294 
36.992513 48.548714 
39.54227 51.38733 
38.496246 50.508383 
40.769436 52.931092 
38.507474 50.267603 
37.263406 48.954165 
41.589532 53.955992 
40.929319 53.615297 
40.732438 53.568915 
36.494277 48.057501 
39.160597 51.687707 
39.020029 51.016358 
39.168095 51.202409 
40.448491 53.229212 
38.319997 50.068686 
39.164736 51.547917 
42.30305 55.195653 
36.389656 48.024841 
36.390552 48.006351 
37.58188 49.248584 
38.451057 50.520404 
39.687496 51.507355 
38.675763 50.552391 
38.537439 50.280192 
40.024176 51.970073 
42.026923 54.198573 
41.751184 53.691802 
41.043581 53.16778 
38.559854 50.308927 
38.695471 50.489607 
43.042952 55.096042 
40.110738 52.009501 
42.799032 54.897513 
41.534314 53.532367 
39.987624 51.860873 
39.500293 51.399057 
40.808455 52.774562 
41.472347 53.563435 
42.736654 54.813415 
39.13491 50.921682 
42.69713 54.896933 
40.764486 52.785826 
40.931382 52.960516 
38.892885 50.72381 
39.315221 51.164832 
40.573896 52.568031 
40.029444 51.949583 
39.138653 50.973121 
40.580653 52.578625 
43.39266 55.615231 
41.370235 53.346056 
41.413561 53.154029 
40.947766 52.969156 
41.141766 53.163694 
41.023455 52.994445 
40.222634 52.195921 
38.436529 50.229777 
39.354547 51.158752 
43.355612 55.60562 
42.148561 54.355573 
40.256242 51.88689 
43.572113 55.740055 
39.037807 50.869067 
42.089647 54.262205 
42.336545 54.448881 
42.471374 54.497866 
42.198944 54.254206 
40.822697 52.764277 
38.728496 50.559021 
40.870877 52.817613 
41.462901 53.521575 
42.11268 54.104378 
38.879918 50.66931 
42.687689 54.908023 
41.940659 54.091503 
42.413496 54.434237 
43.903169 55.967519 
41.145287 53.024309 
44.800487 56.756769 
40.522483 52.812566 
44.4191 56.546767 
44.023831 56.051454 
41.610832 53.502425 
42.37994 54.435119 
41.157885 53.110881 
43.170858 55.254696 
41.217645 53.281735 
44.063376 56.066701 
42.307553 54.310372 
42.977562 55.101592 
42.362136 54.330126 
42.812862 54.910183 
42.317707 54.522677 
42.192685 53.969768 
43.455871 55.663385 
41.725258 53.352547 
42.049255 54.107753 
43.789651 55.840745 
43.241277 55.31315 
42.717315 54.933934 
42.518112 54.258508 
40.512153 52.521798 
42.623242 54.822914 
42.040242 53.905392 
42.857234 54.795848 
39.806616 51.622692 
41.278646 53.132888 
42.253943 54.057688 
41.373619 53.293771 
41.784417 53.720464 
42.044822 53.978197 
40.339495 52.333482 
39.79872 51.675528 
42.729917 54.777805 
40.109732 52.050176 
42.290304 54.19381 
40.980601 52.778972 
43.684444 55.588845 
42.63098 54.664917 
41.828493 53.506263 
39.99237 51.918265 
40.93999 52.762082 
43.027188 54.830619 
43.93453 55.889931 
41.490281 53.426433 
43.483388 55.671257 
44.588127 56.496969 
44.5494 56.70344 
42.148901 54.117164 
42.23947 54.165051 
45.263493 57.237431 
41.235464 53.351106 
42.270425 54.378432 
42.299117 54.206735 
41.819235 53.564896 
43.143739 54.981877 
44.082739 56.20483 
42.329771 54.244376 
43.558223 55.437558 
41.472923 53.354259 
44.434077 56.659861 
43.090515 55.300926 
45.233196 57.302394 
43.561467 55.814382 
42.379002 54.502355 
43.790414 55.849305 
42.214295 54.395277 
43.557344 55.554471 
40.557263 52.581301 
44.020344 55.885684 
43.339396 55.619956 
43.186379 55.314044 
44.957712 57.094224 
44.853146 56.92482 
43.566886 55.682625 
43.630883 55.855209 
43.93392 55.994724 
42.944368 54.893556 
42.834818 54.78192 
42.181563 53.937195 
43.34968 55.565628 
42.459426 54.508937 
42.479071 54.401318 
42.76038 54.830565 
44.566477 56.75607 
44.535603 56.548856 
43.908674 55.76741 
41.182885 53.273448 
42.03513 53.865954 
43.416896 55.549855 
43.117583 55.013944 
41.576761 53.639405 
44.162293 56.307943 
44.948288 57.043383 
42.945499 54.95985 
46.270548 59.235551 
44.846137 57.219091 
44.423564 56.993715 
44.833597 57.09491 
44.140525 56.511806 
44.638039 56.890363 
46.374939 58.750104 
44.626767 56.94519 
47.067574 59.902728 
46.699457 59.531036 
45.380854 57.712174 
46.677047 59.748784 
47.000089 59.616187 
46.868851 59.584528 
46.60846 59.459242 
46.594902 59.710778 
44.131707 56.482638 
45.641114 58.012627 
46.218717 59.278346 
45.387139 57.778132 
44.243356 56.493082 
46.554122 59.099663 
45.434573 57.899843 
44.755749 57.168662 
43.53218 55.800365 
44.143751 56.379595 
46.140571 58.371676 
46.295495 58.874334 
45.62097 58.307261 
44.408996 56.710372 
47.09814 59.710155 
45.639771 58.119238 
46.727792 59.274309 
46.41734 58.913477 
47.261818 60.292944 
46.950053 59.600289 
44.537002 57.120478 
46.079646 58.119443 
46.838355 59.410646 
46.1467 58.399066 
45.198132 57.564784 
46.700058 59.56713 
47.030165 59.714626 
45.304374 57.68639 
47.510335 60.415317 
46.978461 59.600666 
45.955085 58.466387 
45.153978 57.562296 
46.371129 58.867355 
46.412708 59.160625 
37.772721 49.53285 
30.954509 41.642215 
34.384 46.163796 
36.276469 47.95029 
33.273416 44.5602 
34.063042 45.262379 
30.901007 41.659092 
31.89046 42.775705 
31.888123 42.773368 
34.86506 46.229334 
38.229259 50.60409 
31.504562 42.273047 
31.745627 42.529556 
36.812576 48.604161 
38.280258 50.375759 
35.863333 47.394456 
35.220669 46.721613 
34.898027 46.663969 
35.261718 46.609853 
37.793396 49.518632 
33.533912 44.779389 
32.888456 43.993342 
31.426339 42.380403 
34.554702 45.811973 
30.658378 41.352495 
35.996207 47.454889 
35.106584 46.831301 
37.178364 48.803553 
31.719197 42.604441 
33.353815 44.48842 
31.506549 42.311465 
33.347852 44.532231 
35.598866 47.013938 
38.42042 50.669844 
34.566999 45.856663 
31.985519 42.870764 
36.874451 49.234239 
36.757232 48.283549 
35.481997 46.897637 
37.694772 49.829352 
34.459514 45.868162 
32.730717 43.755554 
35.994874 47.496044 
33.653684 44.843872 
36.326033 48.914906 
31.770489 42.687043 
31.66875 42.496153 
36.124433 48.164641 
35.435589 46.90907 
33.74932 44.956162 
45.043335 57.351094 
46.115448 58.477659 
44.31742 56.440844 
45.517695 57.923225 
45.991832 58.275205 
45.948201 58.345386 
45.378193 57.717206 
47.312239 59.547625 
45.361773 57.34473 
44.522859 56.600453 
47.371703 59.643698 
45.139836 57.49666 
45.24522 57.418363 
47.192823 59.288812 
46.715875 59.066543 
46.121692 58.405629 
45.785556 58.417687 
46.298719 58.499679 
46.40141 58.848985 
45.818434 57.81269 
47.200778 59.569392 
46.456996 58.776326 
46.218518 58.587341 
46.578781 58.945175 
46.699933 59.219423 
46.679609 58.959265 
46.96332 59.45413 
46.011934 58.539943 
47.163235 59.606998 
45.847211 57.854424 
46.966187 59.499954 
44.431537 56.719746 
46.362161 58.462381 
45.564997 57.816365 
44.728018 56.996603 
44.958555 57.143115 
45.952111 58.239229 
45.63066 58.121165 
46.070987 58.366038 
44.915732 57.181175 
46.629448 59.008661 
44.800211 57.194441 
46.751366 59.16494 
46.267358 58.57445 
45.857974 58.181316 
45.184841 57.507345 
45.717693 57.664667 
44.688954 56.972149 
47.00344 59.41986 
46.75547 59.198624 
43.021706 55.093109 
44.432884 57.182609 
43.475789 55.052321 
45.156821 57.239331 
46.218059 58.26991 
45.618148 57.857783 
45.489569 57.539026 
45.377281 57.575969 
44.142578 56.235885 
45.277867 57.274421 
44.855734 57.064011 
45.202466 57.593187 
46.254389 58.644882 
46.857507 58.836341 
45.775842 58.104649 
45.755804 58.135136 
43.929554 56.05167 
45.345604 57.567054 
44.704747 57.238007 
43.286275 55.382241 
45.491006 57.882744 
44.200521 56.272865 
45.434637 57.640194 
43.222505 55.446615 
43.876857 55.949341 
46.239661 58.569886 
45.246825 57.498292 
43.574421 55.807401 
46.330336 58.48428 
46.448438 58.793388 
42.74338 54.977565 
43.501625 55.587802 
45.966501 58.285313 
46.726991 58.992183 
45.201629 57.328609 
45.990343 58.205619 
47.378102 59.444261 
46.702755 59.057641 
44.252576 56.504058 
43.616027 55.846554 
44.380468 57.004 
42.660475 54.80599 
44.838211 56.887024 
44.799017 56.983849 
42.913906 54.983048 
45.747616 57.757908 
44.249751 56.29125 
47.568114 59.966845 
45.292274 57.626591 
47.34563 59.506441 
39.719752 51.74109 
42.514606 55.588635 
37.915823 49.887107 
38.241121 50.125015 
43.971904 57.194608 
39.209708 51.769774 
39.984476 52.688705 
43.515788 56.952291 
42.077969 55.028541 
40.937238 53.070529 
40.820962 53.230029 
42.77377 55.415472 
42.416198 54.921023 
40.455757 53.729594 
40.304082 52.525463 
39.943784 52.012518 
38.307725 50.206683 
40.263748 52.172264 
40.668259 52.743128 
38.304184 50.358852 
42.046635 54.351268 
44.005888 57.333192 
39.366924 51.523733 
40.969639 53.216589 
40.314635 53.011374 
42.042927 54.576177 
39.454636 51.301656 
38.372859 50.176384 
42.523268 54.905308 
41.171027 53.797167 
39.891014 52.190497 
42.598365 55.917445 
38.50365 50.320407 
42.664498 55.047619 
39.141005 51.678787 
41.822465 54.309572 
41.200826 53.324489 
39.874615 51.9876 
40.905435 53.488522 
42.029277 54.240334 
38.947214 51.23291 
38.393573 50.767957 
41.96917 54.612062 
39.5286 51.395669 
44.012008 57.487718 
41.96082 55.026819 
41.104087 53.620533 
43.327085 56.678286 
44.27531 58.009181 
41.418544 54.373335 
40.893798 52.993536 
42.297929 54.381988 
43.552684 55.638097 
40.513049 52.450845 
41.341467 53.461732 
41.032784 53.045987 
42.808153 54.877819 
40.802982 52.757637 
43.690985 55.964566 
43.708292 55.918777 
40.835926 52.787373 
42.343362 54.405411 
41.199939 53.239091 
42.259672 54.113552 
42.060252 54.21961 
41.591493 53.561064 
44.416529 56.600494 
40.713976 52.675264 
41.101489 53.139385 
40.093685 51.922467 
42.804194 54.87903 
43.14253 55.371595 
43.720136 55.921393 
43.245836 55.445378 
40.212851 52.238792 
41.725477 53.69457 
40.291229 52.239027 
43.232696 55.431588 
42.080466 54.151852 
41.861745 53.957072 
42.764003 54.86855 
42.448462 54.590704 
42.26769 54.393506 
42.679863 54.782839 
43.659974 55.953401 
40.325965 52.159668 
42.818087 54.915763 
41.74341 53.657938 
43.665356 55.871593 
41.587897 53.363155 
42.387819 54.501933 
40.710876 52.750382 
39.894904 51.733761 
40.696703 52.65409 
43.809397 56.037869 
43.310166 55.557683 
40.196744 51.972754 
42.13346 54.196356 
44.034293 56.341301 
40.733723 52.680459 
43.499963 57.60076 
46.411245 62.074163 
46.65816 62.616981 
44.919751 58.364876 
45.181923 60.24442 
43.508793 57.402846 
46.898669 61.911484 
49.40352 63.400801 
43.692271 58.10758 
46.604809 59.857264 
46.754374 60.435824 
46.587222 60.355079 
46.983492 62.243619 
47.908654 62.805442 
45.313765 58.62199 
45.381691 60.735529 
45.455023 61.008166 
48.590836 64.778696 
48.904251 64.965895 
45.728198 61.892706 
47.528799 61.757816 
47.657912 62.285025 
48.745041 63.66081 
47.513863 61.959032 
46.240399 59.904369 
47.134155 62.735187 
44.925601 58.111415 
46.917364 63.339119 
46.208359 59.923073 
46.59578 60.100291 
47.601317 63.089863 
43.040077 55.98207 
46.682816 60.313808 
46.390407 60.191174 
44.661147 60.659733 
45.546325 59.182444 
42.560125 55.368557 
43.124851 56.61379 
44.709926 58.007831 
45.071405 58.626111 
43.738718 56.680004 
43.86969 59.936337 
48.811143 64.576541 
45.917345 61.531871 
46.527911 59.998521 
47.27126 62.259951 
46.55425 59.894968 
42.961132 55.680881 
42.134612 54.981543 
46.714951 62.256713 
45.207967 57.545707 
43.923686 56.192431 
45.439814 57.75262 
44.240094 56.495836 
45.009531 57.07248 
44.042057 56.131194 
45.102711 57.345661 
45.838116 58.197042 
45.60876 58.048897 
43.095898 55.352554 
44.721043 57.031678 
44.996723 57.349599 
43.555836 55.603801 
43.753616 55.774355 
43.843165 56.212214 
45.157708 57.352415 
43.866153 55.89845 
44.746381 57.049196 
44.89363 57.243648 
44.121707 56.001729 
44.820949 57.104339 
45.815355 57.950882 
44.244719 56.565721 
44.534073 56.832625 
44.619465 56.935446 
43.982068 55.996902 
45.930579 58.237055 
45.779304 58.103685 
45.485303 57.738756 
44.87838 57.356335 
43.915311 55.997254 
44.808339 57.112684 
42.954992 55.179754 
44.434263 56.756985 
44.985149 57.21077 
45.334245 57.585132 
46.343054 58.720607 
44.554498 56.807386 
45.863104 58.258762 
43.970431 56.210947 
44.457567 56.765326 
43.138262 55.160432 
45.937759 58.286664 
43.697919 55.691387 
44.042454 56.151345 
45.112419 57.344562 
44.30294 56.444787 
45.837796 58.08589 
44.487427 56.56542 
45.967544 58.233358 
42.149055 54.237509 
45.038408 57.398281 
44.231381 56.540675 
44.447538 56.483421 
41.876244 53.856505 
43.806683 55.834385 
41.68169 53.495064 
43.845809 55.959498 
44.439004 56.382839 
43.363506 55.377893 
43.043803 55.119819 
42.720604 54.646634 
44.541333 56.790812 
42.661574 54.401699 
41.398004 53.316898 
44.742804 57.056591 
43.526677 55.694625 
43.407932 55.527808 
44.325244 56.522052 
42.874308 54.837316 
42.407326 54.611705 
43.852182 56.079116 
43.819696 55.85412 
43.490582 55.631241 
42.794567 55.007697 
43.141133 55.169395 
45.047717 57.106394 
44.167992 56.393263 
42.792728 54.707387 
44.010457 56.005252 
43.44932 55.481734 
42.002844 54.214555 
43.492934 55.443206 
44.087267 56.272757 
43.234291 55.461139 
43.400543 55.53652 
43.143336 55.073726 
42.989229 55.160989 
41.758798 53.898588 
44.27124 56.726068 
44.681871 56.743219 
43.638661 55.84995 
42.590787 54.802718 
41.919039 53.631493 
44.053629 56.156244 
43.560177 55.656326 
43.660483 55.763875 
42.824913 55.072922 
44.116516 56.388955 
45.052415 57.478287 
20.464591 28.397695 
30.382604 40.580731 
30.73913 40.772303 
27.258714 36.777164 
27.532945 37.154151 
31.130321 41.350904 
30.70308 40.585699 
21.18765 29.581401 
29.10938 39.133084 
28.040029 37.595967 
30.63672 40.751308 
20.410986 28.61027 
28.322 38.083705 
30.228117 40.381315 
31.065852 40.965068 
23.520179 32.765093 
29.719931 40.255232 
30.277293 39.925314 
29.879769 40.056449 
32.363574 42.37104 
30.088136 40.274968 
25.784361 35.118033 
25.110975 33.990071 
22.250079 31.040668 
29.956483 40.040025 
31.757466 42.36144 
24.195486 33.993641 
26.018782 35.472654 
24.883009 33.638765 
21.16641 29.38681 
23.852448 33.08042 
23.858265 33.394397 
32.024063 42.742542 
29.73384 39.970635 
31.002596 40.504533 
27.783739 37.667985 
28.420263 38.181702 
22.341636 31.082505 
21.198804 29.220983 
19.117719 26.125441 
31.305573 40.89413 
20.978128 28.765766 
28.520496 38.289944 
26.775233 36.454437 
19.332434 26.779158 
26.473553 35.819748 
31.32083 41.819574 
31.68645 42.324499 
23.725801 32.389733 
24.773533 34.013902 
37.834889 49.45755 
40.188838 52.880767 
38.23459 49.983279 
41.604007 54.209936 
35.424319 46.844548 
40.073414 52.689307 
38.333954 50.708784 
40.819563 53.734447 
38.526229 50.239873 
36.87372 48.545449 
37.06315 48.609717 
41.063491 53.501101 
38.811969 51.226725 
40.442198 52.753504 
37.215336 48.858165 
37.235414 48.986458 
39.357372 51.557534 
39.982149 51.858769 
36.319651 47.845968 
40.251483 52.447743 
40.858402 53.713446 
39.228261 51.06556 
37.958472 49.724551 
41.408475 53.819223 
35.160647 46.551354 
35.676947 47.164981 
38.254289 50.762589 
40.483312 52.958527 
40.953437 53.073676 
38.898094 51.591422 
39.750607 51.719321 
39.415881 51.44537 
37.190732 49.09144 
40.250347 52.25001 
41.034278 53.389103 
39.226601 51.073621 
35.856684 47.320059 
37.469589 49.160348 
40.186979 53.014244 
41.268973 53.883615 
39.507789 51.822244 
39.942355 51.922698 
36.994144 49.229212 
37.48382 49.428778 
36.749536 48.376844 
41.334746 54.233261 
39.474569 51.285947 
37.686681 49.400326 
40.375843 53.015364 
39.589321 51.398602 
