35.940185 
33.139323 
33.375193 
34.160203 
34.237833 
38.912325 
32.780386 
36.029451 
36.941904 
35.208841 
36.670116 
37.946115 
37.477914 
31.480313 
38.652883 
36.643226 
36.550327 
33.387722 
33.748712 
33.464446 
34.360562 
37.634999 
34.531228 
36.871034 
34.443039 
36.710035 
36.531753 
38.809387 
33.127833 
33.089895 
33.661546 
36.467524 
36.432604 
37.714498 
38.445882 
37.950486 
34.491564 
33.998595 
35.341087 
37.818668 
37.773752 
38.093525 
37.752553 
33.851111 
35.909189 
33.171374 
37.178859 
35.072531 
36.119108 
36.552302 
40.086534 
40.846991 
40.668529 
40.129341 
40.40222 
38.447819 
42.117194 
36.504886 
38.237989 
37.881516 
39.901219 
42.27287 
40.592338 
39.331239 
37.215147 
40.570802 
38.856144 
38.729869 
26.271851 
40.260339 
40.186207 
40.086866 
41.01213 
40.113142 
39.347315 
37.439437 
38.943464 
39.476759 
40.908813 
41.68226 
40.069046 
38.165124 
38.906574 
40.914395 
41.879168 
39.455231 
38.49281 
36.637236 
40.067518 
40.153647 
38.897207 
41.137026 
41.450246 
39.564174 
40.594415 
40.629431 
39.977187 
39.657651 
39.872118 
39.577954 
30.861289 
30.661505 
29.863991 
29.640763 
24.249295 
27.638574 
29.477197 
25.899362 
28.300032 
24.18193 
27.522696 
31.890965 
26.334278 
22.94971 
25.940785 
23.724175 
32.778999 
31.703805 
29.18938 
29.232059 
27.754302 
30.767542 
28.73018 
29.026492 
23.549992 
30.534043 
25.859973 
31.140281 
23.193634 
30.449312 
29.319158 
25.516417 
22.885755 
32.009919 
28.553787 
25.366466 
26.277981 
32.47001 
23.642488 
29.923318 
31.286372 
29.19678 
26.709256 
23.762657 
28.002372 
30.455893 
31.381647 
31.09297 
26.661621 
31.072415 
19.319557 
20.889987 
17.339706 
10.934165 
21.10621 
16.012021 
21.93307 
20.342099 
13.337043 
10.212837 
12.683633 
17.029208 
23.910417 
10.0 
17.72004 
12.798942 
17.302831 
18.737126 
10.0 
20.607735 
15.53384 
10.0 
10.484331 
12.690444 
10.0 
17.416537 
10.0 
10.0 
10.0 
10.0 
11.112728 
22.819208 
18.662343 
10.0 
13.573566 
17.847282 
21.095694 
22.544697 
10.0 
10.0 
10.0 
10.0 
17.422791 
19.632876 
19.406878 
18.497314 
10.0 
10.0 
10.0 
10.0 
18.403352 
13.633823 
10.0 
19.149107 
20.955196 
10.0 
10.0 
10.0 
10.0 
10.0 
14.222139 
10.0 
10.0 
15.41622 
21.396252 
16.933981 
10.031566 
15.043811 
16.758595 
10.0 
10.0 
10.893026 
20.389214 
10.0 
23.018848 
14.178647 
10.0 
10.0 
19.182775 
11.505285 
10.0 
13.032587 
16.837589 
21.359732 
10.0 
13.451899 
10.078325 
10.0 
12.846822 
18.327605 
13.93403 
10.0 
18.603373 
10.0 
16.441852 
10.0 
10.0 
10.0 
10.0 
13.539633 
34.472407 
35.363983 
33.883889 
35.567815 
38.89258 
38.654767 
39.169633 
36.961029 
39.370768 
35.489533 
37.606131 
37.567841 
35.244671 
34.836589 
34.41147 
37.494593 
34.628066 
38.048467 
33.655024 
38.12704 
33.237058 
35.783622 
32.704318 
37.862651 
35.136595 
38.763388 
38.28845 
36.894889 
36.251 
36.519153 
39.354289 
34.745404 
33.47974 
34.955536 
35.883222 
34.833738 
34.187456 
34.293774 
35.572069 
34.513615 
33.482322 
36.581481 
34.793581 
33.755969 
36.654879 
36.564909 
36.49629 
39.18631 
33.187961 
33.304494 
28.928793 
29.993595 
31.402925 
30.687179 
26.598273 
23.1406 
21.127223 
24.429985 
29.11335 
25.861204 
19.21208 
31.586511 
29.910799 
28.664806 
28.916216 
30.662317 
27.596427 
24.389511 
28.358345 
18.850107 
23.875598 
26.843508 
24.813278 
30.969254 
22.826489 
29.410349 
19.468637 
25.331784 
27.328263 
32.47434 
23.306041 
25.143966 
29.45629 
31.374258 
26.738503 
27.191474 
20.687208 
30.3892 
27.326765 
22.842641 
25.84015 
27.361954 
25.510225 
22.852554 
20.055402 
18.21502 
22.260615 
22.684986 
23.004729 
26.958867 
18.403932 
28.519754 
28.054889 
27.348412 
20.986236 
19.921501 
29.764581 
18.592523 
28.666017 
30.478938 
24.77538 
21.312593 
19.563085 
12.541729 
11.283428 
23.317338 
22.050882 
26.477569 
16.296561 
22.201638 
30.081393 
23.452126 
16.920478 
13.10054 
16.899853 
23.442599 
17.907237 
15.323299 
18.741339 
25.375432 
18.211259 
23.583996 
20.474413 
29.895483 
28.853672 
24.096879 
17.255846 
20.247298 
20.152842 
27.753739 
27.259492 
16.817663 
26.06941 
13.541675 
17.553237 
13.870102 
28.619139 
25.106512 
18.378399 
21.805413 
31.098249 
30.615671 
34.007939 
31.930114 
30.424501 
30.944547 
31.270609 
26.571711 
27.115537 
33.347889 
31.787164 
32.556623 
31.872814 
32.94093 
29.620372 
29.755268 
28.006906 
31.6694 
27.696905 
34.070639 
28.095641 
26.10049 
28.370258 
34.942577 
34.491299 
28.257744 
32.652974 
33.440594 
31.338522 
31.749703 
29.371703 
31.788911 
29.693626 
30.334414 
34.160268 
33.830509 
34.451477 
31.872736 
30.014611 
29.916259 
29.591935 
32.712148 
30.899804 
30.600582 
27.82302 
32.036638 
32.284286 
29.615927 
29.696006 
34.034713 
10.0 
10.0 
10.0 
10.0 
10.0 
12.557552 
10.0 
10.767927 
10.0 
10.0 
10.0 
10.0 
10.0 
10.0 
10.0 
10.0 
15.285449 
10.0 
10.0 
10.0 
11.575522 
10.0 
10.0 
10.0 
10.0 
10.0 
10.0 
10.0 
10.0 
10.0 
10.0 
10.0 
10.0 
10.0 
10.0 
10.0 
10.0 
10.0 
10.0 
10.0 
10.0 
10.0 
10.0 
10.0 
10.0 
10.0 
10.0 
12.910142 
10.0 
10.0 
40.631189 
40.639399 
38.595424 
40.665074 
39.749338 
39.376119 
41.104964 
40.886503 
41.640445 
38.978323 
42.167586 
41.334663 
41.673788 
41.788652 
37.780236 
37.093937 
40.193989 
38.021622 
40.063849 
40.959201 
37.271468 
41.398027 
38.034264 
41.919468 
40.039557 
41.023956 
39.11742 
41.391453 
37.84583 
41.316666 
39.690801 
41.453231 
41.490088 
41.041559 
38.081535 
39.127139 
39.010946 
38.210486 
40.66039 
40.430022 
40.459905 
37.372991 
39.928067 
37.918989 
39.199863 
41.960233 
39.144456 
38.809096 
39.60873 
41.248185 
38.841416 
40.874222 
40.172163 
36.829442 
40.508855 
40.157768 
39.51186 
40.666006 
39.400759 
39.612429 
38.6981 
41.163413 
39.472334 
39.628527 
38.185251 
41.973598 
41.782942 
38.445452 
40.213068 
40.169687 
39.596216 
42.250885 
40.428506 
39.022009 
40.522254 
36.992513 
39.54227 
38.496246 
40.769436 
38.507474 
37.263406 
41.589532 
40.929319 
40.732438 
36.494277 
39.160597 
39.020029 
39.168095 
40.448491 
38.319997 
39.164736 
42.30305 
36.389656 
36.390552 
37.58188 
38.451057 
39.687496 
38.675763 
38.537439 
40.024176 
42.026923 
41.751184 
41.043581 
38.559854 
38.695471 
43.042952 
40.110738 
42.799032 
41.534314 
39.987624 
39.500293 
40.808455 
41.472347 
42.736654 
39.13491 
42.69713 
40.764486 
40.931382 
38.892885 
39.315221 
40.573896 
40.029444 
39.138653 
40.580653 
43.39266 
41.370235 
41.413561 
40.947766 
41.141766 
41.023455 
40.222634 
38.436529 
39.354547 
43.355612 
42.148561 
40.256242 
43.572113 
39.037807 
42.089647 
42.336545 
42.471374 
42.198944 
40.822697 
38.728496 
40.870877 
41.462901 
42.11268 
38.879918 
42.687689 
41.940659 
42.413496 
43.903169 
41.145287 
44.800487 
40.522483 
44.4191 
44.023831 
41.610832 
42.37994 
41.157885 
43.170858 
41.217645 
44.063376 
42.307553 
42.977562 
42.362136 
42.812862 
42.317707 
42.192685 
43.455871 
41.725258 
42.049255 
43.789651 
43.241277 
42.717315 
42.518112 
40.512153 
42.623242 
42.040242 
42.857234 
39.806616 
41.278646 
42.253943 
41.373619 
41.784417 
42.044822 
40.339495 
39.79872 
42.729917 
40.109732 
42.290304 
40.980601 
43.684444 
42.63098 
41.828493 
39.99237 
40.93999 
43.027188 
43.93453 
41.490281 
43.483388 
44.588127 
44.5494 
42.148901 
42.23947 
45.263493 
41.235464 
42.270425 
42.299117 
41.819235 
43.143739 
44.082739 
42.329771 
43.558223 
41.472923 
44.434077 
43.090515 
45.233196 
43.561467 
42.379002 
43.790414 
42.214295 
43.557344 
40.557263 
44.020344 
43.339396 
43.186379 
44.957712 
44.853146 
43.566886 
43.630883 
43.93392 
42.944368 
42.834818 
42.181563 
43.34968 
42.459426 
42.479071 
42.76038 
44.566477 
44.535603 
43.908674 
41.182885 
42.03513 
43.416896 
43.117583 
41.576761 
44.162293 
44.948288 
42.945499 
46.270548 
44.846137 
44.423564 
44.833597 
44.140525 
44.638039 
46.374939 
44.626767 
47.067574 
46.699457 
45.380854 
46.677047 
47.000089 
46.868851 
46.60846 
46.594902 
44.131707 
45.641114 
46.218717 
45.387139 
44.243356 
46.554122 
45.434573 
44.755749 
43.53218 
44.143751 
46.140571 
46.295495 
45.62097 
44.408996 
47.09814 
45.639771 
46.727792 
46.41734 
47.261818 
46.950053 
44.537002 
46.079646 
46.838355 
46.1467 
45.198132 
46.700058 
47.030165 
45.304374 
47.510335 
46.978461 
45.955085 
45.153978 
46.371129 
46.412708 
37.772721 
30.954509 
34.384 
36.276469 
33.273416 
34.063042 
30.901007 
31.89046 
31.888123 
34.86506 
38.229259 
31.504562 
31.745627 
36.812576 
38.280258 
35.863333 
35.220669 
34.898027 
35.261718 
37.793396 
33.533912 
32.888456 
31.426339 
34.554702 
30.658378 
35.996207 
35.106584 
37.178364 
31.719197 
33.353815 
31.506549 
33.347852 
35.598866 
38.42042 
34.566999 
31.985519 
36.874451 
36.757232 
35.481997 
37.694772 
34.459514 
32.730717 
35.994874 
33.653684 
36.326033 
31.770489 
31.66875 
36.124433 
35.435589 
33.74932 
45.043335 
46.115448 
44.31742 
45.517695 
45.991832 
45.948201 
45.378193 
47.312239 
45.361773 
44.522859 
47.371703 
45.139836 
45.24522 
47.192823 
46.715875 
46.121692 
45.785556 
46.298719 
46.40141 
45.818434 
47.200778 
46.456996 
46.218518 
46.578781 
46.699933 
46.679609 
46.96332 
46.011934 
47.163235 
45.847211 
46.966187 
44.431537 
46.362161 
45.564997 
44.728018 
44.958555 
45.952111 
45.63066 
46.070987 
44.915732 
46.629448 
44.800211 
46.751366 
46.267358 
45.857974 
45.184841 
45.717693 
44.688954 
47.00344 
46.75547 
43.021706 
44.432884 
43.475789 
45.156821 
46.218059 
45.618148 
45.489569 
45.377281 
44.142578 
45.277867 
44.855734 
45.202466 
46.254389 
46.857507 
45.775842 
45.755804 
43.929554 
45.345604 
44.704747 
43.286275 
45.491006 
44.200521 
45.434637 
43.222505 
43.876857 
46.239661 
45.246825 
43.574421 
46.330336 
46.448438 
42.74338 
43.501625 
45.966501 
46.726991 
45.201629 
45.990343 
47.378102 
46.702755 
44.252576 
43.616027 
44.380468 
42.660475 
44.838211 
44.799017 
42.913906 
45.747616 
44.249751 
47.568114 
45.292274 
47.34563 
39.719752 
42.514606 
37.915823 
38.241121 
43.971904 
39.209708 
39.984476 
43.515788 
42.077969 
40.937238 
40.820962 
42.77377 
42.416198 
40.455757 
40.304082 
39.943784 
38.307725 
40.263748 
40.668259 
38.304184 
42.046635 
44.005888 
39.366924 
40.969639 
40.314635 
42.042927 
39.454636 
38.372859 
42.523268 
41.171027 
39.891014 
42.598365 
38.50365 
42.664498 
39.141005 
41.822465 
41.200826 
39.874615 
40.905435 
42.029277 
38.947214 
38.393573 
41.96917 
39.5286 
44.012008 
41.96082 
41.104087 
43.327085 
44.27531 
41.418544 
40.893798 
42.297929 
43.552684 
40.513049 
41.341467 
41.032784 
42.808153 
40.802982 
43.690985 
43.708292 
40.835926 
42.343362 
41.199939 
42.259672 
42.060252 
41.591493 
44.416529 
40.713976 
41.101489 
40.093685 
42.804194 
43.14253 
43.720136 
43.245836 
40.212851 
41.725477 
40.291229 
43.232696 
42.080466 
41.861745 
42.764003 
42.448462 
42.26769 
42.679863 
43.659974 
40.325965 
42.818087 
41.74341 
43.665356 
41.587897 
42.387819 
40.710876 
39.894904 
40.696703 
43.809397 
43.310166 
40.196744 
42.13346 
44.034293 
40.733723 
43.499963 
46.411245 
46.65816 
44.919751 
45.181923 
43.508793 
46.898669 
49.40352 
43.692271 
46.604809 
46.754374 
46.587222 
46.983492 
47.908654 
45.313765 
45.381691 
45.455023 
48.590836 
48.904251 
45.728198 
47.528799 
47.657912 
48.745041 
47.513863 
46.240399 
47.134155 
44.925601 
46.917364 
46.208359 
46.59578 
47.601317 
43.040077 
46.682816 
46.390407 
44.661147 
45.546325 
42.560125 
43.124851 
44.709926 
45.071405 
43.738718 
43.86969 
48.811143 
45.917345 
46.527911 
47.27126 
46.55425 
42.961132 
42.134612 
46.714951 
45.207967 
43.923686 
45.439814 
44.240094 
45.009531 
44.042057 
45.102711 
45.838116 
45.60876 
43.095898 
44.721043 
44.996723 
43.555836 
43.753616 
43.843165 
45.157708 
43.866153 
44.746381 
44.89363 
44.121707 
44.820949 
45.815355 
44.244719 
44.534073 
44.619465 
43.982068 
45.930579 
45.779304 
45.485303 
44.87838 
43.915311 
44.808339 
42.954992 
44.434263 
44.985149 
45.334245 
46.343054 
44.554498 
45.863104 
43.970431 
44.457567 
43.138262 
45.937759 
43.697919 
44.042454 
45.112419 
44.30294 
45.837796 
44.487427 
45.967544 
42.149055 
45.038408 
44.231381 
44.447538 
41.876244 
43.806683 
41.68169 
43.845809 
44.439004 
43.363506 
43.043803 
42.720604 
44.541333 
42.661574 
41.398004 
44.742804 
43.526677 
43.407932 
44.325244 
42.874308 
42.407326 
43.852182 
43.819696 
43.490582 
42.794567 
43.141133 
45.047717 
44.167992 
42.792728 
44.010457 
43.44932 
42.002844 
43.492934 
44.087267 
43.234291 
43.400543 
43.143336 
42.989229 
41.758798 
44.27124 
44.681871 
43.638661 
42.590787 
41.919039 
44.053629 
43.560177 
43.660483 
42.824913 
44.116516 
45.052415 
20.464591 
30.382604 
30.73913 
27.258714 
27.532945 
31.130321 
30.70308 
21.18765 
29.10938 
28.040029 
30.63672 
20.410986 
28.322 
30.228117 
31.065852 
23.520179 
29.719931 
30.277293 
29.879769 
32.363574 
30.088136 
25.784361 
25.110975 
22.250079 
29.956483 
31.757466 
24.195486 
26.018782 
24.883009 
21.16641 
23.852448 
23.858265 
32.024063 
29.73384 
31.002596 
27.783739 
28.420263 
22.341636 
21.198804 
19.117719 
31.305573 
20.978128 
28.520496 
26.775233 
19.332434 
26.473553 
31.32083 
31.68645 
23.725801 
24.773533 
37.834889 
40.188838 
38.23459 
41.604007 
35.424319 
40.073414 
38.333954 
40.819563 
38.526229 
36.87372 
37.06315 
41.063491 
38.811969 
40.442198 
37.215336 
37.235414 
39.357372 
39.982149 
36.319651 
40.251483 
40.858402 
39.228261 
37.958472 
41.408475 
35.160647 
35.676947 
38.254289 
40.483312 
40.953437 
38.898094 
39.750607 
39.415881 
37.190732 
40.250347 
41.034278 
39.226601 
35.856684 
37.469589 
40.186979 
41.268973 
39.507789 
39.942355 
36.994144 
37.48382 
36.749536 
41.334746 
39.474569 
37.686681 
40.375843 
39.589321 
