172.037895 219.035377 178.595907 149.753482 162.057042 159.188003 150.753007 180.785367 140.074355 145.028052 154.609377 174.281505 
171.982111 219.001287 178.547366 149.682036 162.018673 159.146363 150.750896 180.569942 140.012535 144.9556 154.521366 174.15154 
162.659742 202.184472 161.114313 143.039505 163.500533 155.309331 152.09672 175.400058 129.777556 128.471927 134.490204 187.507102 
164.015251 197.002239 155.704639 128.653268 168.65227 158.35962 159.928674 177.499944 135.370787 136.035021 139.724558 187.902612 
143.159756 164.756429 131.400674 149.105624 157.66197 160.603076 176.895761 161.372573 153.830915 144.561165 145.739005 196.211865 
143.068454 164.436909 130.646044 149.096556 157.827589 160.727907 176.657684 161.483339 153.684877 144.498218 145.611234 196.343429 
192.278074 138.171691 144.091333 146.370571 156.463797 159.162196 174.303485 164.875011 149.950198 141.877948 142.75812 195.543997 
160.451029 189.338124 151.26372 137.663008 158.271995 156.919634 167.629479 173.743363 143.393483 134.060383 139.251565 191.206412 
133.495373 169.195166 127.405041 161.114504 135.672569 135.530339 169.495092 133.477672 179.543412 173.340042 162.0844 200.88445 
144.750098 166.384171 127.536628 155.683247 147.49077 153.515032 169.920673 142.404106 164.398779 151.580052 151.743971 200.720485 
140.508163 161.990374 125.304353 151.943251 157.51299 160.995213 178.542836 155.130931 156.515308 146.302024 145.883045 198.335597 
139.563566 159.884715 125.525755 153.757856 155.919877 159.813273 178.55744 152.970958 163.093164 145.946574 145.02221 198.292149 
150.058927 194.86058 152.379692 158.921266 142.29547 136.380048 161.204551 153.774116 171.465742 166.506091 156.156695 195.502694 
163.62665 198.244813 156.951328 131.752916 228.658378 158.355453 158.938364 177.475214 134.547529 135.294093 139.101607 186.862655 
158.506329 181.884808 150.597096 137.154941 159.439345 159.382529 166.794892 174.432756 145.678545 137.671255 142.661071 192.19292 
140.965669 160.971143 126.981515 151.856274 156.877756 160.494938 178.24722 158.053298 156.053823 145.889561 145.525443 198.189385 
164.311868 198.103047 156.75477 130.183847 241.136128 158.953862 158.454655 177.646371 135.000681 135.900319 140.512942 187.210962 
145.901792 205.38394 169.427249 169.861994 139.183197 152.448473 159.047064 149.182335 184.098974 178.679034 153.604299 152.349193 
138.743969 160.922657 124.524833 150.222052 157.671838 161.305486 178.495194 154.093296 156.192642 146.264722 146.079096 197.369092 
163.676379 203.059797 162.105028 142.659877 164.685126 156.060102 151.176483 176.024873 128.857287 130.272038 133.770255 185.833223 
159.501221 188.637467 149.634876 139.445415 156.997426 156.19582 168.317509 172.235221 144.27138 136.850382 137.797889 191.671327 
154.603573 178.020977 141.598014 148.75581 152.822579 155.016539 170.21249 161.756343 157.802761 140.773706 139.908215 196.123376 
161.693182 196.512987 156.253557 137.416572 166.223139 156.426451 162.643393 175.506981 136.880722 132.727641 138.432335 188.580788 
144.80563 189.05112 146.233926 160.201325 131.247869 137.233994 165.380358 135.186672 175.873587 170.144896 159.027936 196.777851 
152.935075 196.348394 153.929155 154.237288 150.762629 144.66964 160.074051 164.710362 162.695632 144.93035 146.506844 194.607075 
149.444265 209.507872 172.816869 171.944078 144.130421 159.449351 158.490795 157.098681 187.432473 166.886374 154.144808 192.18842 
162.837967 200.636378 160.232118 137.671042 165.711007 157.313206 157.659281 176.624936 132.07061 133.063105 135.83658 186.21023 
146.472161 166.465899 135.562015 151.456498 154.76079 158.032238 176.801742 159.262979 160.056244 144.4596 143.99259 197.028167 
139.179127 194.997612 152.233976 162.569742 118.945948 119.384537 161.733705 135.792376 179.796582 170.976149 152.303524 195.680134 
165.599734 203.600659 163.317849 124.074473 168.074108 159.749447 149.916118 180.362151 133.297248 135.885562 146.035775 184.363691 
145.683687 202.27256 160.077215 164.018126 131.993126 116.816081 154.569768 155.271241 178.508215 168.659747 147.125189 193.557465 
165.446075 211.730007 170.339743 146.422721 162.100476 151.636317 136.127776 175.663878 117.238333 116.964747 134.273898 177.29962 
140.154054 194.070701 151.169762 162.256711 117.035824 118.120795 162.651503 127.664641 178.542767 171.05692 154.918065 196.942344 
166.354655 215.200827 175.012625 150.322659 156.126528 155.617003 149.796713 174.377115 126.294587 128.078931 134.1085 178.793296 
158.056635 209.232169 168.610869 161.328011 147.350989 142.132328 146.134006 125.190071 158.218811 110.278306 128.900352 179.518012 
168.633565 209.729222 168.954454 133.165929 169.631264 152.298157 117.486011 179.027404 130.420157 132.947904 149.652225 175.191439 
161.14896 201.250466 160.08078 146.623919 161.904488 152.982237 151.366968 173.235179 134.045122 128.329355 131.181772 190.880994 
157.905199 210.581841 169.006418 164.225355 148.003028 149.029801 149.944194 165.570539 166.923414 158.048133 141.781117 182.053702 
139.452879 168.773568 132.668329 144.873814 162.777639 166.06694 175.54745 167.742407 154.510887 145.507279 149.943181 194.469891 
168.063382 208.230961 167.040682 130.178079 169.359339 158.383339 137.637092 179.508527 131.851622 132.315218 150.527909 179.926993 
168.180389 207.867102 166.887222 129.153365 169.977245 159.780728 143.218104 179.93563 133.075763 133.717738 152.397602 178.019763 
170.060407 216.07822 175.022533 146.327181 161.079328 156.970642 144.336033 179.134593 134.448085 137.694646 146.559255 160.199977 
162.554374 206.234116 164.119488 149.302186 161.546657 153.752877 144.69259 173.131631 124.680111 122.596968 128.55875 188.717513 
162.232258 196.787943 156.58318 136.418858 239.109119 156.908187 161.655835 176.911146 135.682864 133.227529 139.156923 188.303528 
165.074846 211.728102 170.731913 147.909863 155.08966 149.877174 140.107319 177.181161 116.677378 116.249974 129.13886 172.729707 
166.218505 200.648452 159.333262 117.627493 168.191349 161.244543 154.376646 179.205534 136.117272 138.397898 149.412747 182.720446 
163.748718 198.03756 156.946435 130.996216 240.993709 158.837863 158.475778 177.574636 134.87853 135.678039 140.278054 186.994688 
166.917162 203.975911 163.410797 123.897928 169.888474 161.117245 151.024995 181.602868 135.403977 139.181275 152.755707 180.223578 
144.676898 166.780916 133.823981 151.857859 156.36932 159.419291 177.337992 160.425745 154.203736 144.657989 144.645679 197.218244 
164.795837 200.620534 160.34551 125.626191 168.125139 159.290283 154.069064 177.702628 134.257679 134.106684 139.793562 186.085549 
155.609541 180.996834 149.265064 139.741486 159.59556 159.76696 168.402628 174.597445 147.879164 137.64935 142.736399 193.189242 
157.062417 195.945303 154.547125 148.332195 231.931025 150.664702 158.752782 169.29596 150.48226 134.742119 134.740152 195.394479 
169.801547 216.501429 174.627973 145.781655 159.779365 156.976938 145.830465 179.012792 133.893374 137.674546 145.86702 164.89079 
163.162531 209.478044 168.243667 153.211699 159.621561 149.467644 138.433188 238.026004 102.812362 108.865919 118.638803 181.800809 
143.892334 167.149335 133.469772 143.495537 162.73795 165.162724 174.733684 167.567732 153.948808 144.80659 149.301466 194.398378 
162.347132 215.264115 174.204258 159.450695 152.371482 161.546509 153.374775 169.105929 166.325594 145.516542 140.247715 185.046193 
157.547572 183.371476 150.736574 135.502571 160.02869 159.990456 167.667066 174.846563 145.585295 138.43086 143.562922 192.996214 
186.426847 131.122307 133.988424 153.517311 152.03904 156.008166 173.780294 156.121715 162.038213 145.987762 141.475572 198.551806 
161.511299 208.039378 166.894091 156.989988 157.764244 147.220138 137.106389 173.271013 127.328595 121.687822 127.141762 184.222065 
171.151146 218.995759 177.416718 148.77091 160.253641 159.863684 150.593082 179.232419 137.051128 140.899487 149.443218 178.298563 
150.209723 194.191689 152.055525 156.934959 145.424134 140.844334 162.194835 155.341152 170.28258 164.641022 153.438316 194.491504 
162.810152 207.280237 165.769155 151.094627 162.650788 151.337712 139.408859 174.443272 120.058603 120.058372 127.177194 186.183844 
164.217616 197.24166 155.846171 127.532702 169.709367 158.816233 159.97549 177.614036 135.685534 136.391817 140.570813 188.56329 
164.672113 195.759088 157.110917 119.730534 167.244277 160.058145 160.028558 178.534502 137.396261 137.427457 143.016447 189.018757 
144.219996 165.78601 132.841315 152.02405 155.973807 159.150507 177.594305 159.618116 156.328434 144.981098 144.461674 197.650492 
169.097853 216.243158 175.594638 143.657641 159.13473 155.537466 140.773926 178.432608 132.092997 135.875541 144.076908 167.695741 
167.84168 207.900646 167.266127 130.895679 168.171285 158.824693 132.198456 179.383313 131.574156 133.663724 148.853114 178.504406 
172.537507 218.994852 178.371914 150.027111 161.86122 161.708733 151.632742 181.012842 140.222167 144.738015 153.175585 176.081217 
172.525632 218.989205 178.359131 150.012315 161.702204 161.671686 151.594655 180.938602 140.195579 144.706413 153.136778 176.048338 
145.743912 169.262915 137.239736 149.112629 157.402298 160.269715 176.423569 162.77118 152.97509 143.833773 145.10922 195.827399 
146.029415 169.151385 136.939524 149.069864 157.58402 160.476084 176.356388 163.128976 152.955961 143.848974 145.109548 195.761312 
162.904704 194.170141 154.61221 129.609022 161.931287 158.390337 160.726656 176.305539 137.792877 135.620899 140.447931 188.889944 
162.922463 184.842021 152.332388 130.780787 160.829811 159.725171 167.035913 175.582998 142.61005 137.715672 143.133853 192.503417 
150.748794 175.060226 144.457475 145.559088 159.294184 161.811866 174.492511 166.681016 151.901172 141.474134 144.681433 196.813959 
166.894549 205.351894 165.264894 126.04877 170.008998 165.20993 149.723544 181.808098 135.563868 135.650435 153.233003 178.852702 
157.450866 201.539918 159.29242 154.004682 155.077056 146.39678 154.812669 168.988255 147.381113 137.907881 139.196455 190.477442 
163.836655 203.131642 162.177871 142.650698 164.937196 156.063819 151.482199 176.07912 129.157987 130.744117 134.019359 185.409753 
167.988529 212.46722 170.577147 135.679123 167.339596 155.171371 116.76576 242.356179 126.122641 129.876672 146.773669 176.492039 
169.851357 216.714258 174.714635 145.834217 159.873362 157.164119 145.976839 179.245136 134.023546 138.449107 146.386938 164.994378 
132.573277 168.077325 127.103777 161.804749 135.861262 135.409295 169.846291 133.464366 179.700179 173.473169 162.335136 200.992699 
149.380105 134.820931 138.669598 151.417643 153.835949 157.232388 174.197628 161.133686 157.83382 142.991962 142.685795 196.84408 
135.506323 196.139052 158.057081 169.05673 127.696807 138.080167 157.091315 131.093398 233.158767 177.607291 160.581602 193.241812 
189.185461 132.990494 143.093554 147.667265 156.558377 159.29623 174.809802 163.999973 150.792471 142.255078 143.34603 195.845061 
167.007191 213.536802 172.334245 142.695285 160.807955 152.09682 137.869228 177.212249 124.844197 126.491976 134.764103 166.941021 
141.599719 161.683371 127.634695 152.12811 156.571742 160.16557 178.043777 158.133742 156.529086 145.714506 145.146125 197.850308 
139.682901 162.307791 126.059056 150.010506 157.867818 161.222336 177.661273 158.267206 154.946599 145.597831 146.025523 196.61517 
139.746099 161.41181 123.978445 154.335261 156.17822 160.106874 178.828748 151.867596 162.982908 146.140488 145.391812 198.365419 
141.440238 161.773989 128.493945 151.004059 157.099995 160.554376 177.923022 159.445752 154.93308 145.375666 145.562619 197.70126 
145.26197 166.491838 134.527222 148.801337 157.832964 160.818438 176.454107 162.373775 153.455636 144.273357 145.330192 196.291518 
146.662729 169.30878 137.660742 147.961162 157.990922 160.902306 175.932931 163.580754 152.669321 143.85672 144.711311 195.834159 
144.555299 167.808767 135.706618 149.479517 157.375603 160.318556 176.649984 162.035969 153.283701 144.085366 145.391037 195.940506 
146.577718 166.52101 128.032475 155.866422 146.859696 152.892107 169.599857 142.012609 165.269676 151.364332 152.222745 200.920348 
189.427731 131.901237 124.398608 158.178029 146.143731 148.987322 171.525661 138.991513 170.553421 153.977067 153.917662 202.411618 
144.132765 179.329276 135.680263 156.603283 141.561312 146.869979 167.018438 136.672658 172.017844 154.513473 154.745223 200.76434 
158.481809 187.104986 148.664313 141.300718 156.502409 156.153075 168.818651 172.32371 145.154626 137.711495 138.427133 192.109065 
146.351298 192.537415 150.360208 159.551758 136.474118 134.963259 162.98822 145.962283 175.117759 168.624593 157.969542 196.618291 
159.346771 198.585496 157.442914 147.213971 158.965637 151.609425 155.903498 171.525972 138.225964 131.624026 134.044368 193.027175 
159.118529 198.557918 157.671083 147.605936 159.902631 151.650006 155.736375 171.481757 138.002139 131.45659 133.931838 193.027908 
159.191426 198.332964 157.514319 146.821526 160.827771 151.544764 155.988568 171.614029 138.527464 131.868944 134.068558 193.128852 
159.262503 199.334343 158.111109 148.774555 158.008777 151.337757 154.244822 171.72213 137.416023 130.986046 133.377861 193.409157 
159.212367 199.274316 158.094927 148.746965 159.47716 151.051379 154.323817 171.737463 137.449081 131.089758 133.392246 193.48913 
159.408693 199.005399 157.948139 148.517554 159.265008 151.22669 154.520661 171.762143 137.652813 131.222202 133.455879 193.573136 
159.077809 198.619291 157.623557 147.888667 159.966079 151.352505 155.46169 171.265028 138.084209 131.56013 133.733196 193.533751 
159.147268 199.303377 158.170794 149.114881 157.791913 150.673081 154.423521 170.765963 137.668834 131.763629 133.157555 193.658817 
159.076406 199.287556 158.045703 149.274594 157.395642 150.520884 154.375758 170.817274 137.779783 131.849936 133.228078 193.737055 
139.04934 192.864435 150.385428 162.61717 121.650506 119.332399 163.494202 126.32626 179.902279 171.265957 156.085877 197.896769 
154.938017 193.693186 151.997914 151.727533 151.239675 150.00677 160.89765 167.732381 153.187023 139.021675 135.977125 196.738494 
160.680399 199.358878 158.370456 143.946448 164.106057 154.528282 157.363137 174.695492 135.722026 128.86239 134.327147 189.407242 
137.370089 169.531797 121.363623 162.551361 139.380319 139.958481 169.335095 136.100763 176.866262 168.282224 159.938045 201.348913 
121.457482 177.812934 136.023712 164.969089 127.643681 127.009038 170.435995 130.070395 182.702205 176.1456 162.016697 200.680428 
119.158614 179.900983 136.509915 162.261054 126.643082 125.145459 170.926635 128.801502 184.75481 176.385368 161.300262 201.556099 
156.045877 207.244564 166.170473 161.293148 144.012466 137.748388 144.942748 231.540087 211.939435 155.932989 136.316983 187.002203 
155.948392 193.671843 152.499236 149.276154 153.936746 151.545989 161.041604 169.48036 152.004737 136.300704 136.012688 194.954231 
159.129069 198.262183 157.228088 146.834685 160.636415 151.509243 156.218723 171.538594 138.524743 131.874252 134.10792 193.296256 
156.181874 195.001139 153.507903 149.545236 154.09725 149.99448 159.573601 168.194247 152.250568 136.696842 134.515138 196.110786 
158.338769 198.055222 156.718568 148.579795 159.519272 150.279194 155.976619 170.33205 145.081448 133.118239 133.698646 194.496803 
141.391735 180.012744 132.919529 158.784484 139.07557 143.318248 167.77978 135.479869 174.300349 163.620087 158.041662 200.182242 
166.694798 213.547875 172.947287 144.90597 156.640933 152.731215 142.649232 176.515135 124.798089 125.910359 131.871522 170.523783 
147.378802 191.591604 149.111708 158.94116 215.706774 139.331705 163.723151 150.089857 172.905766 167.199172 156.461502 195.752269 
145.009753 173.73592 130.906898 157.580704 143.86197 148.819786 168.931078 137.572765 170.264315 152.586444 153.056112 201.695301 
160.632296 202.065518 160.731771 148.200399 160.723089 151.758133 150.542691 172.375723 133.491678 128.501465 131.669015 191.840819 
158.938701 198.547682 157.339371 147.57596 159.316491 151.308304 155.668786 171.367155 138.27279 131.798116 133.855663 193.614411 
158.624969 198.367695 156.996891 148.052987 158.273696 150.55712 155.430243 170.33744 141.866989 132.821655 133.913688 194.393189 
165.465192 190.228254 156.555835 93.582771 163.5888 161.115366 162.731395 179.465565 139.491496 139.010267 144.322504 187.780559 
118.22075 179.270302 135.324769 165.408768 128.72276 126.069957 170.845636 129.071833 184.963489 177.079604 161.759695 201.311811 
145.229169 174.184577 131.596579 157.931778 143.708263 148.647488 168.859644 137.459642 170.161711 152.496839 153.352106 201.44202 
138.445876 156.807898 115.083663 158.804428 143.698314 144.595095 170.62587 137.651188 173.469679 155.382088 156.337986 202.849241 
157.606546 178.620064 145.478096 145.054207 155.735868 157.049567 171.945543 169.944376 147.948201 139.529917 141.31996 193.678969 
154.821426 193.491601 152.301972 151.344756 151.536894 149.434088 160.367214 167.513089 155.62565 142.229753 138.84982 196.903839 
145.964709 169.197704 136.867041 149.078602 157.561405 160.513651 176.364005 162.982753 152.892967 143.856105 145.104035 195.806078 
152.582602 197.724993 156.21066 157.007978 148.498337 138.979378 158.399844 161.611137 167.301269 162.260815 151.415269 193.773745 
162.557134 197.082682 156.038645 134.590653 239.589579 157.393554 160.809064 177.121586 135.746638 133.993154 138.900413 187.203799 
159.015489 199.236061 157.893359 149.059128 159.114454 150.638124 154.597221 170.875218 137.983998 131.917895 133.283768 193.771067 
159.058362 195.241836 154.429313 142.935821 158.79237 154.222177 162.370285 172.194356 140.956284 134.440928 135.699441 191.997122 
160.828835 195.54793 155.35773 137.932039 161.166853 155.714087 163.86048 174.536852 138.973215 132.437047 137.632816 189.021552 
167.871664 207.355118 166.430311 129.621988 169.144928 159.284384 136.724153 180.337628 132.194405 134.179672 150.651815 180.508888 
162.777805 194.505908 154.218359 129.880269 160.859534 157.958235 160.087036 176.05863 137.605371 135.314207 140.37263 188.546572 
142.186722 197.993878 155.543338 162.426172 123.06813 117.628339 159.901302 143.046342 178.19182 169.784558 151.244492 195.391088 
150.534104 199.374874 157.247327 160.216411 143.387065 132.982917 156.182211 159.995342 171.496796 163.476623 152.289328 192.734203 
158.77661 197.943689 156.792386 146.418427 160.414318 151.754553 156.864278 171.118412 139.139163 132.345045 134.497065 193.321496 
155.123017 196.580444 154.414879 151.493556 228.863052 148.098338 159.170084 167.06971 154.108954 142.667983 141.908508 195.869014 
157.040757 195.901842 154.777804 148.989565 231.575806 150.297189 158.189863 168.627818 150.604913 134.833918 134.546605 195.581379 
137.979427 168.570672 119.754081 160.894063 140.138029 140.05765 169.19939 136.30056 176.124728 166.224572 159.632979 201.944357 
163.10307 196.817016 155.617593 133.294601 166.311042 157.830917 160.042175 177.297428 136.411087 134.615776 138.870988 187.094693 
162.768161 196.12607 154.841077 132.385909 165.640482 157.90621 159.896262 176.977549 136.707222 134.7956 139.282228 187.381711 
163.305894 192.431639 154.791637 125.794976 162.585408 158.955317 163.17354 176.623082 138.83487 136.998935 140.300324 189.820406 
120.594911 181.358004 138.488381 239.3567 121.506852 123.425339 170.564306 128.159443 183.589634 176.180977 159.92778 201.3199 
120.986129 181.871779 138.931202 237.487535 117.635603 123.019737 170.207726 127.923214 182.852788 175.846172 159.343425 201.127657 
156.169536 194.974886 153.703242 149.444459 154.53972 150.065543 159.702477 168.23505 152.288735 136.225778 135.039469 196.070287 
144.432709 165.945188 133.91047 148.736759 158.377229 161.226568 175.859146 163.075167 153.19547 144.336638 145.137663 196.251641 
163.256105 211.523824 171.764431 155.321378 152.350144 147.991373 143.520319 171.96857 138.761436 122.548776 105.985927 178.712532 
138.504682 176.142976 130.086244 159.992827 136.324676 137.648814 168.312618 134.780646 176.532783 170.871028 159.877835 199.776237 
143.002194 182.136296 136.136119 159.627106 138.256696 143.350987 166.925968 134.995932 174.39102 164.096845 157.575891 199.501946 
157.412521 180.475303 148.28011 141.120528 158.944315 159.513859 170.505329 173.884612 148.499325 138.483779 141.928605 192.948654 
137.758916 161.626665 111.832647 160.53757 141.406768 141.263835 170.016781 137.003577 176.80784 164.877749 159.751836 202.64038 
158.940639 197.975115 156.791523 147.113646 159.730715 151.266166 156.302684 171.445058 138.756956 132.260606 133.973346 193.764737 
140.401042 185.37575 142.573449 161.751123 125.343564 131.034374 167.140934 130.945103 177.884423 172.008328 161.044995 197.883688 
153.470238 191.94693 150.676959 150.851608 149.224747 149.349592 161.494335 165.991113 156.515643 144.622029 143.987822 197.366924 
155.756258 194.389663 152.983788 149.22738 153.906911 150.977181 160.468607 169.045619 151.89199 136.191496 135.596846 195.536073 
158.898374 199.100872 157.841731 148.830701 158.624634 150.572202 154.647062 170.859815 138.716785 132.022464 133.492161 193.860595 
159.709707 203.54978 161.87876 151.115734 158.525064 149.060658 151.255416 171.244704 134.581356 128.052018 129.795998 190.470835 
143.680769 174.000424 130.152331 160.231451 142.63811 146.786969 168.652075 136.913327 172.467664 154.30893 155.257866 201.496452 
158.266226 187.260376 147.756927 141.302952 156.095448 155.528808 168.339858 171.971162 145.15718 137.614819 139.146754 193.363087 
167.964388 214.542897 173.315031 142.404889 158.983835 153.280674 139.702786 178.580478 127.579513 129.690314 142.973328 131.544898 
139.794984 162.174968 125.127372 152.854968 156.836092 160.488938 178.580047 154.407575 158.995263 146.090923 145.461212 198.121448 
158.943706 210.241628 169.090467 161.409307 148.601037 145.94592 146.264376 167.811337 161.128969 208.169835 127.599777 181.562429 
143.999085 165.850136 133.290852 150.648519 156.982821 159.988164 177.122396 160.871111 153.664868 144.457313 144.912375 197.425597 
187.404324 134.807381 139.832139 150.894512 154.417891 157.850332 175.764507 161.307526 156.472853 143.535718 143.134091 196.145905 
139.267009 178.809393 134.798153 160.388903 134.055737 135.955268 167.821418 133.964345 176.526021 171.215707 159.943291 199.494888 
166.86446 202.498186 162.144257 122.500348 170.77429 161.26446 153.320479 181.098837 136.340101 140.4979 153.739604 181.495342 
133.289066 162.883644 116.753656 162.171657 139.484553 138.42189 170.287979 134.833416 178.609865 172.376348 161.417262 202.098954 
170.404363 216.079659 175.124343 145.560111 162.663842 156.816392 143.976865 180.661619 134.232535 137.769947 147.042402 158.789743 
148.412956 186.188124 144.596056 152.534991 144.770211 148.427935 164.694542 154.04058 166.049641 149.188285 149.541284 199.100581 
151.98961 211.206076 169.009778 166.104828 141.296497 153.609463 152.654734 160.976265 175.518216 170.646161 147.886683 146.863811 
147.895684 192.689235 150.188977 159.223192 139.224281 136.471803 162.645281 148.684846 173.31709 167.753613 157.543927 196.373397 
163.970945 215.138884 175.227746 153.477458 155.290164 155.466222 151.891279 175.340451 125.248579 125.181368 132.575489 181.179814 
170.361697 216.688384 175.558353 145.857125 161.007197 158.054417 145.483462 180.356568 135.817932 140.000868 149.266982 162.138941 
189.166623 138.369565 142.850356 146.51149 156.411777 159.157679 174.383362 164.682292 150.135334 141.794439 142.869156 195.624606 
160.363915 144.752985 150.920925 132.919802 162.476665 162.231477 168.341818 176.656831 143.972404 140.926375 144.258542 191.93732 
141.472312 196.156375 154.904015 162.251041 121.159307 118.887684 160.687092 141.416459 179.059768 170.430139 151.842279 195.502868 
191.930265 137.863387 142.279896 146.970549 157.257275 159.965736 173.913892 165.147089 150.837467 142.499411 142.217947 194.578848 
165.863646 205.445037 164.392675 128.093076 153.488875 150.101823 145.896146 161.346925 130.754574 132.268923 139.933826 181.495715 
160.541848 218.544733 176.96784 163.445205 150.199359 166.544039 158.050852 166.759117 170.849959 143.055636 142.856628 191.899577 
125.453094 149.764214 115.512045 162.68738 137.733772 135.989171 171.197591 134.453348 181.373694 174.930272 163.950956 201.782394 
169.229726 213.298494 170.913075 136.442963 169.700667 157.773127 126.568875 244.055061 134.02545 135.835049 149.536359 166.498105 
167.062357 205.504233 165.47868 126.494453 170.492364 159.483386 149.041156 181.298995 135.114749 135.835937 153.369221 179.048104 
140.278769 159.211699 117.702815 157.938927 145.179953 148.415242 170.303472 138.308207 171.27646 153.893684 153.972349 202.594833 
123.242638 176.06734 134.934798 162.462585 127.788942 128.397408 169.705186 130.836948 182.929032 175.661526 162.83244 200.210127 
161.54864 192.650423 152.641347 134.316371 159.160127 157.400775 165.228409 175.203541 140.67002 134.754072 140.348553 189.705357 
163.133409 192.376274 154.625232 125.483756 161.620293 159.139359 163.600174 176.864977 139.162778 137.329172 140.446191 190.472352 
132.562987 163.426518 118.742976 162.254043 138.976597 137.708279 170.209171 134.622047 178.468787 172.548538 161.786982 201.794346 
165.635408 208.844342 166.712187 141.403357 166.385142 151.249132 127.88446 177.295028 123.440537 126.814204 131.900458 182.522415 
132.126427 168.380257 127.674342 161.42081 135.584797 135.078225 169.819529 133.334928 179.652796 173.947027 162.65163 201.085479 
167.503963 209.472467 168.293161 133.572277 168.184419 151.058841 95.902572 179.728493 129.016258 129.01188 147.739214 176.742394 
170.405723 217.041247 175.229788 146.431209 160.770466 157.497492 146.739625 178.911764 135.201007 139.213015 148.567102 163.944509 
145.083393 166.583448 134.573487 149.062987 157.741457 160.750399 176.57047 162.293314 153.447386 144.257736 145.385731 196.186863 
170.505056 215.643858 175.156873 143.462474 167.055975 156.466859 137.793871 178.497713 132.772087 135.523596 223.088882 113.132133 
159.642204 145.143914 151.623761 132.869944 162.682552 162.431239 168.633503 176.756329 143.74361 141.602106 143.606403 190.892827 
157.0167 184.212016 147.253958 121.71551 149.973933 159.931011 164.659887 177.368917 140.105729 138.131895 140.733249 191.086901 
199.3196 146.867594 153.939816 130.917295 163.746219 163.642847 169.944345 178.128642 145.210068 143.162978 145.407743 190.134404 
141.362975 200.489841 162.499247 168.643792 133.115053 142.968757 155.555558 141.783009 234.121427 234.450406 157.836918 193.586582 
127.727492 178.947057 139.053482 161.85825 123.850068 127.674066 169.115219 130.197301 181.876615 174.79818 162.276046 199.66939 
137.269737 193.774674 155.662322 165.02124 121.472484 117.056884 156.485696 138.90906 181.580764 175.851211 150.077776 195.674916 
151.903092 211.196709 169.005022 166.07265 140.692567 153.565016 152.767104 160.863803 175.506993 169.806131 148.11853 147.234169 
132.730852 172.737125 131.712627 161.083529 133.099061 133.525639 169.184609 132.527425 180.248744 173.736802 163.257566 199.630518 
166.920409 200.571503 159.720676 118.056428 170.972897 161.58809 154.854017 179.426058 136.932683 140.150648 152.84535 183.301771 
132.380193 160.431366 115.303837 161.351801 139.870426 137.888848 170.50672 134.89484 178.820339 172.559243 161.691727 202.242886 
156.137609 179.477849 145.480298 144.055167 156.37677 157.438502 172.003109 170.917562 147.613366 139.720374 141.115216 194.072245 
149.82001 172.362705 137.52944 150.973044 152.039893 155.807466 172.571865 159.550633 160.320269 142.876246 141.461897 197.763402 
162.935074 200.023286 159.786328 136.6949 166.147952 157.481755 158.373007 177.023092 132.570729 133.538665 136.33775 186.609951 
139.161711 161.468526 125.557128 149.969948 158.134622 161.394237 177.245102 158.189997 154.757806 145.50153 146.348139 196.718292 
134.881431 164.495676 127.829923 150.301057 159.556194 162.593681 174.677359 160.039192 154.730884 146.197173 146.273256 198.953931 
139.409942 162.177085 126.394453 149.651957 158.192202 161.42782 176.506075 159.965573 154.286153 144.984831 146.088711 196.914671 
152.195607 136.241234 141.17364 149.827551 154.727642 157.790921 174.619242 162.470667 150.935586 142.001526 142.487976 195.690596 
151.613699 136.508759 140.2481 148.496321 156.688213 159.616737 175.176131 163.317829 151.431976 142.718789 143.774771 195.361611 
186.582166 130.99927 133.471329 153.528309 152.06857 156.027977 173.787029 156.153143 162.049609 145.997689 141.113233 198.496355 
161.545113 195.957476 155.400277 135.839098 164.181739 156.654318 163.144344 175.572756 137.697395 133.012112 138.719819 188.935484 
171.493039 218.699929 178.00944 148.585877 161.688973 158.938136 149.825894 178.667457 138.79968 144.012112 154.602285 171.87043 
149.822208 135.377589 139.471767 150.619099 154.425054 157.472346 174.616938 161.734791 153.513381 142.723444 142.446975 195.716668 
150.196143 174.932089 142.738045 144.469115 158.254223 160.890019 171.923851 165.893588 151.271232 142.653513 143.554221 195.641065 
165.467275 203.226537 163.120109 123.774861 168.973992 159.418465 150.249078 179.333582 133.361938 135.876428 145.724346 184.582866 
139.052282 161.262632 125.092129 150.099144 157.964071 161.437589 177.510524 156.311179 155.092452 145.725797 146.265664 196.862369 
145.095904 167.24716 134.460218 152.057544 154.087564 157.630177 176.388745 158.071357 162.005139 144.499954 143.13078 197.53716 
144.589324 203.961386 165.286448 167.558011 133.783889 143.796298 154.688599 149.277045 231.370976 231.305334 156.385172 190.744955 
164.925182 201.386803 161.022045 120.702898 167.773197 159.192094 152.90717 178.212522 133.628308 134.179175 142.188704 185.740753 
162.872474 192.096181 154.34924 128.105921 160.427633 159.000388 163.870288 176.739629 138.625943 136.585966 140.998308 189.875944 
147.315452 182.545516 140.550187 154.794726 143.809132 149.556624 166.501675 150.593424 167.366711 150.578424 150.92719 200.431142 
138.865219 157.421409 109.724353 158.717452 144.276974 144.471781 170.830831 138.037168 173.195762 154.89754 156.424757 202.920187 
137.467752 163.755555 126.488716 151.281114 158.784019 162.000124 176.447644 159.242728 154.711129 145.470386 146.252876 198.227437 
141.63549 162.604851 128.045234 151.922782 156.51426 160.11907 177.93297 158.785228 155.777205 145.659859 145.151021 197.869672 
188.56491 140.368183 113.350937 157.462601 146.407783 149.246398 171.842738 139.088295 170.198098 154.01761 153.954439 202.271811 
140.0116 177.84859 129.456201 158.652628 138.964927 141.212396 168.155557 135.642225 174.863943 164.556675 158.568459 200.457061 
163.398839 197.683531 156.522204 131.230917 233.229873 158.385457 159.29346 177.640207 134.68344 135.416117 139.009411 186.950287 
149.211315 173.455458 143.47761 143.929838 160.720125 163.108791 173.313778 169.398368 151.566699 142.701086 147.45248 196.027303 
139.597363 162.451738 125.99011 149.851291 157.759801 161.119858 178.23536 157.887338 155.172544 145.755774 145.952894 196.982881 
170.302664 217.027133 175.290459 146.624046 160.85766 157.361744 147.006832 178.965937 135.543127 139.567294 148.951135 164.267986 
195.99115 142.562488 148.876642 137.794744 162.845444 163.021235 170.00173 176.851049 146.456483 141.272858 145.852872 192.246657 
161.811709 185.772344 155.37665 121.974569 163.999364 162.325525 164.019991 179.054226 142.112511 141.530805 146.293289 188.448305 
157.993061 183.376722 152.203605 132.859053 161.559119 161.060093 168.481053 175.787463 144.475657 139.078658 144.321749 193.09179 
171.760398 218.317218 176.994589 143.289241 162.682467 159.300188 147.117552 180.269561 139.37023 144.17064 154.724706 174.988651 
141.710789 158.396171 119.09486 157.486635 146.521762 150.273635 171.381323 139.04471 168.897119 153.543719 153.44508 201.920222 
146.746064 131.906235 134.455356 152.314622 153.975851 157.180239 175.469755 158.67386 161.6359 144.083407 142.822933 197.668057 
152.756084 212.282628 170.083342 166.766561 141.517225 155.927281 152.061419 162.685034 174.960709 166.91312 183.465543 148.536767 
155.482137 174.940435 143.507332 146.879482 156.27757 158.549479 174.018941 164.601296 150.005401 141.422769 142.781878 195.310232 
147.668677 170.551258 141.44876 146.648463 157.45059 160.389703 174.886202 163.925689 151.612611 143.247642 143.573887 195.177831 
149.641679 170.612609 138.96432 150.438091 153.457904 156.822537 173.74154 160.969521 157.947341 142.611932 142.266339 196.746878 
139.979535 162.423577 126.548297 149.714919 158.119608 161.388048 176.530805 160.072529 154.272778 144.974181 146.085198 196.837326 
138.343929 163.183738 125.429969 149.984472 158.263883 161.586043 176.930246 157.18283 154.694951 145.410342 146.497151 196.874469 
124.385725 140.011515 115.114687 162.345736 138.576843 136.521259 171.599425 134.645437 181.763987 175.276785 163.924831 202.596606 
156.851541 179.153321 146.892005 142.697814 157.228292 157.824105 171.792373 171.851705 147.678917 139.85122 139.903374 193.67017 
169.945467 216.125061 175.128083 146.450435 160.740675 156.606113 144.500968 179.038446 134.231048 137.373746 146.305471 160.351779 
163.916036 199.248479 159.238256 132.0174 166.330092 158.611081 159.739434 177.604534 134.466262 134.436518 140.812752 187.559369 
167.153505 206.645297 165.859963 129.045021 168.679064 143.808638 139.881566 179.590972 132.251272 136.663057 148.712644 180.506146 
143.156117 161.125178 129.242061 155.795182 152.298631 157.24539 175.11695 146.303767 163.216962 147.5459 143.314744 199.419014 
144.938848 130.449808 132.372311 154.138006 152.78936 156.865225 174.968814 156.205257 162.678973 144.411352 142.892424 198.749499 
143.430801 166.340648 131.832329 154.176408 152.908968 157.242843 175.342702 153.974755 163.017925 144.869213 143.158129 198.782944 
119.562109 181.719111 138.515153 215.089418 117.768433 123.098547 170.440269 127.967575 182.969175 175.9297 159.328024 201.249237 
135.987444 189.749188 149.971163 145.893329 110.830181 117.240334 164.219987 125.992317 179.879776 171.842461 155.039204 198.162194 
144.979139 165.649844 133.235923 149.573273 157.581732 160.499527 176.967334 161.497792 153.699107 144.445901 145.720778 196.171019 
139.111343 163.66161 115.066792 160.055803 141.620138 140.892192 169.7822 136.875263 175.687328 163.352737 159.177569 202.689418 
159.071199 203.36584 161.54659 153.678156 157.168897 146.208316 150.797611 169.122663 143.398143 134.588021 135.744578 188.608445 
166.198201 205.300118 164.650251 127.102218 168.085166 161.047461 144.996554 179.900085 132.014977 135.482172 145.972542 182.098115 
166.206628 205.317106 164.674484 127.149709 168.130999 160.793688 144.877539 179.86624 131.917254 135.461244 145.875685 181.984444 
166.206035 205.295438 164.739998 127.198836 168.136455 160.67647 144.766542 179.831336 131.823208 135.332232 145.992835 181.828566 
