98960.86 62559.38 3 20
98838.07 62588.73 3 20
50710.46 55614.7 3 20
43946.59 62855.6 3 20
20405.31 54742.26 3 20
19914.88 55250.98 3 20
27840.81 54950.64 3 20
38415.26 57078.47 3 20
32912.94 28370.05 3 20
30056.55 40692.56 3 20
18608.55 52677.93 3 20
20751.82 50376.75 3 20
48841.89 32319.69 3 20
45542.8 62137.28 3 20
33601.97 59763.16 3 20
19739.73 52534.38 3 20
45541.41 63100.34 3 20
84041.82 15052.68 3 20
17559.67 53128.94 3 20
51823.47 57721.95 3 20
38084.14 54806.53 3 20
33552.21 48301.3 3 20
44104.32 57801.68 3 20
43533.54 29955.91 3 20
46100.14 39448.07 3 20
95383.88 13865.56 1 20
48243.68 59562.79 3 20
24554.41 50223.41 3 20
51605.51 24147.87 3 20
52317.15 65809.49 3 20
61016.41 25863.94 3 20
73452.25 52810.25 3 20
49075.42 24698.51 3 20
90659.88 47221.82 3 20
73040.32 37635.7 3 20
63416.19 65302.56 3 20
50406.77 51954.72 3 20
77378.44 32660.84 3 20
10319.52 68737.26 3 20
59473.77 66178.66 3 20
59226.05 68360.64 3 20
88593.74 63502.42 3 20
55749.87 51774.14 3 20
44495.4 58936.54 3 20
76537.62 51450.45 3 20
48622.16 69462.69 3 20
45581.63 62779.32 3 20
53334.42 69850.87 3 20
22454.42 52446.2 3 20
48817.14 64120.78 3 20
31045.47 59500.63 3 20
44649.52 47270.08 3 20
88579.37 61989.95 3 20
69394.36 48269.61 3 20
12442.59 67682.02 3 20
91053.09 34658.9 2 20
32848.07 60945.16 3 20
27451.95 46279.44 3 20
65273.09 44083.34 3 20
100565.76 53849.7 3 20
46502.25 34808.24 3 20
58744.24 51574.54 3 20
43873.56 63385.89 3 20
42476.23 65484.81 3 20
22484.91 51652.6 3 20
88306.36 58440.27 3 20
59337.17 64514.07 3 20
100718.95 60195.37 3 20
100651.39 60183.25 3 20
22501.78 54440.37 3 20
22284.92 54754.05 3 20
41228.1 61242.05 3 20
35293.08 62351.11 3 20
22280.75 60885.23 3 20
55424.31 70143.87 3 20
51826.44 43290.41 3 20
51906.6 58309.17 3 20
67853.67 61151.76 3 20
88879.08 62017.19 3 20
32655.68 27942.4 3 20
28223.09 49916.85 3 20
66809.52 13841.54 3 20
26487.96 54721.25 3 20
78676.05 55319.7 3 20
20411.8 52139.86 3 20
17988.75 53987.03 3 20
20111.44 50501.07 3 20
19800.71 53168.08 3 20
21062.93 55165.36 3 20
21914.69 55758.7 3 20
21981.32 54349.52 3 20
30573.12 40216.65 3 20
26913.33 37874.1 3 20
34483.12 35731.27 3 20
37161.39 53852.15 3 20
46948.75 29667.03 3 20
47184.23 49820.55 3 20
47389.69 49789.64 3 20
46967.75 49743.94 3 20
48203.46 49379.0 3 20
48144.89 49282.15 3 20
47991.7 49194.53 3 20
47522.12 49250.68 3 20
48268.98 48533.47 3 20
48156.75 48541.03 3 20
47642.5 24426.86 3 20
42583.73 45201.85 3 20
47365.23 54384.99 3 20
31610.14 31534.88 3 20
36581.06 20992.6 3 20
36948.89 18790.16 3 20
68886.33 34771.21 3 20
42134.72 47801.36 3 20
46945.14 49545.12 3 20
43830.93 46194.38 3 20
46864.42 47729.64 3 20
34655.3 33374.27 3 20
82436.91 53655.78 3 20
45175.44 32448.35 3 20
32187.31 37338.37 3 20
51296.72 50345.62 3 20
47312.49 49252.9 3 20
47157.45 48069.12 3 20
39449.87 67922.42 3 20
36383.48 18911.37 3 20
32405.55 37177.58 3 20
29162.71 35206.54 3 20
33289.76 52790.68 3 20
42753.32 44364.89 3 20
22322.83 54691.34 3 20
51086.26 35699.02 3 20
44366.95 59893.59 3 20
48058.24 48557.71 3 20
43019.2 52630.56 3 20
43292.12 56280.42 3 20
58526.27 65684.4 3 20
41503.34 60965.95 3 20
53493.08 25025.42 3 20
55018.67 32160.35 3 20
46254.72 49660.54 3 20
44733.85 43471.55 3 20
44867.67 46810.06 3 20
31293.38 32129.89 3 20
44152.79 60374.17 3 20
43416.96 60610.58 3 20
40468.26 62409.15 3 20
38121.58 18338.04 3 20
38416.1 18126.33 3 20
43779.03 46298.9 3 20
20532.09 56085.05 3 20
79164.9 42660.38 3 20
34207.41 30761.74 3 20
36019.46 33414.41 3 20
30785.25 58298.61 3 20
29862.31 32337.82 3 20
46817.62 49113.35 3 20
40920.7 27682.09 3 20
41541.61 43238.81 3 20
42807.07 47077.49 3 20
47928.68 48363.34 3 20
53223.77 47304.43 3 20
32438.55 35748.72 3 20
37276.77 52949.91 3 20
81370.62 56846.18 3 20
19556.6 51733.22 3 20
75576.69 36983.1 3 20
21738.05 53411.93 3 20
26709.91 50656.29 3 20
36178.49 30275.82 3 20
51908.36 71248.93 3 20
30223.92 29619.88 3 20
88357.42 64228.75 3 20
37770.81 39118.93 3 20
79008.66 27531.2 3 20
46846.81 30941.99 3 20
93256.11 45070.31 3 20
90486.67 64356.07 3 20
27854.81 54673.77 3 20
29606.99 67070.78 3 20
52588.03 24827.83 3 20
26059.9 56566.53 3 20
54621.48 62401.26 3 20
107660.13 31989.67 3 20
28818.43 26475.07 3 20
71218.08 67318.74 3 20
55898.15 70205.14 3 20
29070.41 37154.34 3 20
35945.04 22280.35 3 20
40203.68 58603.62 3 20
39920.66 62720.94 3 20
30577.84 29306.76 3 20
60215.06 57823.92 3 20
32811.19 27720.9 3 20
63085.35 62256.15 3 20
90362.95 62295.29 3 20
21187.39 55032.37 3 20
81262.93 63925.96 3 20
29414.97 67905.18 3 20
38582.82 63607.5 3 20
26394.45 70482.79 3 20
73518.6 15132.52 3 20
37813.9 23453.9 3 20
60187.82 19093.28 3 20
78979.65 27323.15 3 20
34277.47 26949.42 3 20
48493.43 71317.09 3 20
29809.11 29344.01 3 20
32823.7 53633.2 3 20
29525.35 47568.3 3 20
47540.38 59630.95 3 20
17077.86 54658.2 3 20
13413.34 58384.68 3 20
16959.79 55667.07 3 20
28598.14 51783.25 3 20
25169.95 54870.47 3 20
27423.22 46341.26 3 20
43537.8 57875.85 3 20
96785.55 63366.54 3 20
28209.84 50874.9 3 20
24457.38 58627.86 3 20
52044.5 65640.7 3 20
17100.28 54207.97 3 20
25003.23 49170.4 3 20
73461.79 19578.42 3 20
49802.91 65338.47 3 20
39946.97 62018.53 3 20
35620.69 38602.76 3 20
28389.26 35460.73 3 20
14956.27 56775.35 3 20
20566.75 52328.33 3 20
26794.43 38145.31 3 20
33653.41 32914.7 3 20
45156.35 62153.18 3 20
20122.38 64783.83 3 20
18322.0 53537.58 3 20
90720.95 62274.27 3 20
25878.91 67521.78 3 20
33600.86 71313.53 3 20
31720.32 63995.24 3 20
95420.95 66306.98 3 20
27934.41 38666.15 3 20
25867.23 48991.71 3 20
81949.36 27400.65 3 20
29053.82 53875.83 3 20
23803.57 56220.27 3 20
29098.86 49704.8 3 20
17178.78 55543.31 3 20
16208.02 55153.68 3 20
27757.41 26326.96 3 20
32675.33 55233.41 3 20
88479.28 63178.4 3 20
47404.61 62930.21 3 20
57311.23 64917.82 3 20
24873.95 45466.38 3 20
26093.63 47285.09 3 20
25324.9 47174.23 3 20
38127.51 17896.71 3 20
46922.25 22923.17 3 20
21026.69 54471.5 3 20
30184.26 32899.24 3 20
54992.63 43860.51 3 20
55085.96 64607.92 3 20
55120.24 64581.24 3 20
55157.04 64393.09 3 20
