110279.9 69887.72 1 20
95678.01 59082.19 3 20
95827.82 59853.17 3 20
112265.18 62696.03 3 20
95016.03 63002.05 3 20
104981.45 83575.37 3 20
119450.05 57779.55 1 20
124478.02 70354.1 0 20
115830.2 74317.15 1 20
91222.52 66849.9 3 20
116458.23 72837.16 1 20
95467.96 78831.07 3 20
91785.9 76771.74 3 20
104363.41 53563.11 3 20
116267.04 82177.03 2 20
110119.13 72857.78 2 20
125821.67 72313.47 1 20
122560.18 59974.36 1 20
100527.76 61182.67 3 20
115754.78 60024.19 1 20
111402.8 63402.62 3 20
99773.31 77626.13 2 20
100777.3 64149.1 3 20
103283.32 73825.0 2 20
123519.66 63691.35 0 20
90850.38 73188.2 3 20
104158.56 72295.35 2 20
104437.64 83225.31 3 20
103785.06 59001.84 3 20
93222.75 58846.59 3 20
98500.78 60920.91 3 20
103168.2 72136.0 2 20
109427.88 72049.5 1 20
116100.99 77854.49 1 20
116407.7 81163.49 1 20
93876.4 78878.73 3 20
103260.43 63938.32 3 20
105978.49 62169.36 3 20
91404.21 67477.37 3 20
104233.57 78179.66 2 20
103537.25 77933.67 2 20
96428.61 79467.46 3 20
102289.33 78034.47 2 20
106174.74 61553.65 3 20
108025.3 69382.42 1 20
105107.74 59115.55 3 20
92486.07 75147.47 3 20
107704.21 66263.22 2 20
121241.83 70526.72 2 20
94532.44 72348.69 3 20
107926.36 90914.93 2 20
87344.45 93856.45 3 20
103454.05 93194.79 3 20
89491.09 90059.4 3 20
96983.44 91419.11 3 20
86725.64 81159.94 3 20
89453.83 100283.5 3 20
96891.05 72371.48 3 20
99714.47 79956.66 2 20
91956.91 78501.98 3 20
80930.78 88925.99 3 20
97497.9 102548.67 3 20
103945.78 92766.58 2 20
107331.86 85755.46 2 20
108156.17 75354.39 2 20
113864.88 92383.83 3 20
101405.97 83496.16 2 20
102854.58 82829.78 2 20
100272.43 75763.56 2 20
86295.43 90934.67 3 20
112724.92 90499.13 3 20
94370.91 89780.79 3 20
103072.64 95623.83 2 20
101409.83 90142.08 3 20
100898.95 85798.82 2 20
104137.52 76597.82 2 20
90570.49 83892.92 3 20
83097.36 86589.94 3 20
94765.09 93781.48 3 20
96332.36 98864.58 3 20
104661.12 89830.88 3 20
88067.82 79946.34 3 20
114068.65 83680.7 3 20
98968.68 94503.49 3 20
85396.48 99437.92 3 20
113800.18 86512.16 2 20
93777.45 81638.93 3 20
94922.3 72906.28 3 20
106904.83 89657.69 3 20
103835.78 90251.78 3 20
86263.84 83589.68 3 20
113988.88 95674.95 3 20
103675.08 99824.21 3 20
92593.34 87103.12 3 20
94314.51 92147.27 3 20
87383.9 93068.42 3 20
89536.12 89499.61 3 20
106165.18 87589.43 2 20
115771.01 88777.81 2 20
110936.15 86914.92 2 20
142810.57 51040.97 4 20
110438.89 50969.15 2 20
136476.51 48475.28 4 20
117855.52 47932.61 3 20
129416.22 35077.27 1 20
139777.46 42595.72 4 20
139095.96 47509.68 4 20
140462.73 38526.92 2 20
127977.1 44427.34 4 20
126215.28 34983.86 1 20
143182.17 42244.22 4 20
142643.24 53645.07 2 20
129857.92 39585.72 1 20
119563.11 32426.02 3 20
124951.22 38675.77 2 20
118238.91 33779.48 3 20
131538.87 57781.25 4 20
127604.85 54134.48 3 20
141455.42 46611.5 3 20
137276.15 46727.89 4 20
118639.69 43021.62 3 20
135034.55 51279.38 4 20
123122.37 45451.52 4 20
123136.67 46323.47 4 20
130419.4 33758.49 1 20
138661.69 50448.78 4 20
129305.57 38460.49 1 20
121576.6 52345.93 0 20
117634.72 32840.8 3 20
136868.81 50278.29 4 20
107631.14 47086.73 3 20
142126.16 37771.04 4 20
124578.99 32509.58 1 20
135631.21 55228.6 2 20
126038.72 45029.33 4 20
119876.93 37457.03 2 20
112564.41 39107.15 3 20
125833.19 56683.72 0 20
113724.9 33899.35 3 20
136793.33 48810.03 4 20
122077.84 52830.8 2 20
141065.68 46781.2 3 20
125568.45 40460.27 3 20
138080.48 34094.53 4 20
144789.38 43339.72 4 20
140201.95 49976.15 4 20
122418.68 53168.36 0 20
140290.97 51793.78 4 20
121734.15 40317.35 3 20
126546.23 52248.54 2 20
144364.34 26593.85 4 20
126941.39 28770.35 1 20
140134.31 23883.84 2 20
113393.27 17114.16 3 20
144170.94 29362.37 4 20
132750.24 22232.27 4 20
124835.58 30521.93 1 20
125106.63 27986.75 1 20
133096.02 19364.59 2 20
143463.44 16531.6 4 20
140630.45 18559.66 3 20
111027.77 22615.69 3 20
124096.17 34433.08 2 20
129001.93 5288.84 4 20
124176.75 24422.78 1 20
111005.63 18624.62 3 20
129802.78 23839.59 4 20
128721.89 25631.28 2 20
115998.08 13676.07 2 20
139813.62 28574.84 4 20
126733.8 21679.56 4 20
126052.49 12339.62 3 20
112118.03 16738.28 3 20
140546.26 18579.87 3 20
133343.47 14060.29 4 20
139732.9 24002.61 1 20
133054.44 12463.22 2 20
118874.21 7821.75 1 20
128028.93 7744.15 4 20
128256.24 6422.48 4 20
139912.86 17259.37 2 20
122370.59 32110.74 2 20
141999.74 25694.22 3 20
123154.63 6846.67 4 20
143810.42 19571.79 4 20
147367.76 24563.61 2 20
113793.04 28991.2 3 20
135982.27 31869.86 2 20
119324.39 8105.93 1 20
133276.69 9262.74 2 20
140333.76 9684.01 2 20
143151.22 12930.37 4 20
134666.17 23800.04 2 20
133530.56 27100.99 2 20
136695.69 26750.22 4 20
139894.89 25448.09 2 20
128667.87 10802.47 2 20
135161.17 15272.87 4 20
113783.58 12574.27 2 20
133718.86 6170.52 4 20
127898.1 25274.16 3 20
98735.69 19643.53 3 20
106452.07 8052.81 3 20
125949.43 26347.38 3 20
120611.63 29124.23 2 20
128357.42 7871.67 4 20
116804.25 10672.05 1 20
106585.46 2454.83 3 20
120621.8 15707.41 2 20
112628.5 4980.66 3 20
93579.0 20108.33 3 20
114596.09 14994.86 2 20
110981.21 9877.83 3 20
118805.91 21356.23 2 20
105843.36 28948.42 3 20
116293.71 22920.53 2 20
125494.0 16347.4 0 20
115827.55 20686.32 2 20
96692.08 22893.24 3 20
119514.46 5683.67 1 20
107491.35 6555.38 3 20
94742.75 17100.39 3 20
119555.13 28259.76 2 20
118672.33 13198.34 2 20
108158.81 31601.92 3 20
103114.64 20205.31 3 20
129803.66 12020.94 4 20
128255.39 10851.99 3 20
123511.95 26434.14 1 20
113536.44 17606.15 3 20
108545.18 14234.15 3 20
111429.3 18804.49 3 20
122128.82 23293.17 1 20
113792.16 29400.7 3 20
109698.52 7787.08 3 20
126350.97 19470.92 3 20
125122.31 16410.53 0 20
115175.7 14642.79 2 20
119174.33 18720.09 2 20
102178.21 24311.87 3 20
122870.61 19948.71 0 20
97163.87 11333.27 3 20
101435.28 24649.87 3 20
117991.96 14161.96 2 20
123153.26 22784.59 1 20
113481.05 9294.23 3 20
96944.8 9084.81 3 20
110795.44 3836.84 3 20
93567.04 13077.71 3 20
115980.17 19229.44 2 20
116259.14 63885.07 3 20
96401.66 67450.07 3 20
116588.47 61633.55 1 20
93632.04 68292.13 3 20
106722.75 83532.88 3 20
100073.63 82436.18 2 20
117356.03 84829.75 2 20
98518.15 74262.1 3 20
114059.94 85885.83 2 20
104687.02 67911.82 2 20
129346.25 76776.15 1 20
102800.96 77151.93 2 20
123710.6 66958.11 0 20
111665.81 65257.75 1 20
116959.98 63648.87 2 20
121567.47 76621.61 3 20
120854.59 64537.6 2 20
123437.49 79259.4 1 20
111998.89 60978.71 3 20
108730.27 79726.33 2 20
104182.49 59402.85 3 20
97909.69 69134.34 3 20
106162.1 57592.81 3 20
116097.73 78379.3 1 20
111798.08 66513.84 1 20
115690.7 82834.71 2 20
111603.45 80414.12 2 20
117258.2 74005.46 3 20
104799.82 71207.34 2 20
119955.07 72302.58 1 20
104788.95 86026.12 2 20
98088.97 65008.26 3 20
106309.81 60288.6 3 20
102393.88 65797.8 3 20
115387.96 69574.37 1 20
127304.8 65241.51 4 20
111463.21 62841.07 3 20
99197.36 63214.79 3 20
106685.45 68251.48 2 20
129622.49 63928.66 4 20
118092.04 60168.19 3 20
96369.83 72686.48 3 20
110883.06 65147.61 1 20
99483.73 61220.4 3 20
127646.79 72870.07 1 20
98897.5 72438.08 3 20
131652.21 71766.45 1 20
122550.51 84537.73 2 20
104899.94 59169.21 3 20
118451.38 59565.99 3 20
135491.83 45971.8 2 20
133152.76 48894.22 2 20
149687.37 49935.76 4 20
148158.81 48892.85 1 20
136475.95 40110.53 4 20
157911.67 31568.87 4 20
150763.54 29327.88 4 20
133756.77 35450.74 4 20
136069.73 46467.33 2 20
139481.1 38437.64 4 20
156734.91 26256.57 4 20
151114.45 49775.68 4 20
162779.56 36574.84 4 20
132343.55 45232.89 4 20
140943.79 46025.01 2 20
161955.03 42221.13 4 20
161964.62 34486.86 4 20
145538.21 35272.54 4 20
146663.21 43764.05 4 20
151114.63 25948.19 4 20
144367.97 34298.99 4 20
127344.08 40774.32 3 20
150069.2 35983.51 4 20
150189.28 48505.18 1 20
146888.23 32282.41 1 20
152414.36 43949.0 4 20
139483.96 26830.29 4 20
127118.98 37391.32 1 20
146724.68 41565.12 4 20
152689.01 51473.3 4 20
148572.44 33137.31 3 20
144204.31 36941.59 4 20
135984.19 47464.76 2 20
138999.32 52568.13 4 20
137001.86 40393.87 4 20
155028.93 38687.68 4 20
133344.09 28731.21 4 20
160954.33 40490.18 4 20
147501.45 41167.02 4 20
153463.29 32245.21 4 20
127767.73 38389.9 2 20
163425.15 35220.83 4 20
148300.9 37567.39 4 20
140350.77 32415.11 3 20
153380.88 27608.4 4 20
145605.36 25007.61 4 20
132921.95 31347.72 2 20
151252.68 31969.74 4 20
144261.92 32613.87 4 20
155897.88 37935.73 4 20
146330.88 25290.47 4 20
147727.87 43815.01 4 20
161671.95 37160.65 4 20
155520.09 39025.01 4 20
151317.65 29194.72 4 20
157157.19 27533.49 4 20
142143.66 47960.88 2 20
151833.45 25495.25 4 20
135447.71 45347.05 4 20
159169.41 41574.72 4 20
143670.13 36108.91 4 20
140593.01 29758.13 4 20
151945.84 26923.61 4 20
142214.81 18405.39 3 20
146260.48 17436.02 4 20
128090.52 33304.64 3 20
138307.35 31004.54 4 20
161398.3 33821.03 1 20
146424.67 22596.82 4 20
129753.5 31239.33 1 20
161796.18 38792.52 1 20
153616.01 33403.98 4 20
130351.72 23351.45 4 20
144977.88 19097.85 4 20
144409.15 23330.75 4 20
142770.07 33520.88 2 20
129247.33 24618.77 4 20
144971.78 21465.19 4 20
134709.4 25768.62 3 20
151277.89 36817.05 4 20
144196.26 25024.95 4 20
152354.56 33676.64 4 20
131750.31 28377.25 4 20
147069.21 47341.91 2 20
152130.66 42864.36 4 20
151064.31 34784.37 4 20
144215.93 23808.07 4 20
140328.92 28048.83 4 20
127835.94 27635.32 1 20
154259.8 40024.33 4 20
163631.93 33236.19 3 20
145730.75 23250.37 4 20
137043.6 39010.56 4 20
138829.69 19454.79 4 20
156891.81 24086.22 4 20
148750.53 19875.42 1 20
134533.19 45135.99 2 20
136031.43 36866.51 4 20
139556.59 25300.44 2 20
153807.95 30378.82 4 20
112155.48 52315.82 2 20
82098.44 47589.17 3 20
93374.71 62176.29 3 20
99597.81 54899.29 3 20
99331.43 49950.03 3 20
97913.34 51780.42 3 20
105848.79 52887.88 3 20
87372.71 37517.34 3 20
87066.54 39333.22 3 20
102610.95 59737.33 3 20
84152.1 54137.21 3 20
103506.62 57043.65 3 20
87828.47 54317.75 3 20
88040.22 57932.29 3 20
78283.8 44275.03 3 20
85154.16 45334.76 3 20
100400.13 43325.42 3 20
90771.86 53501.12 3 20
106064.12 42457.5 3 20
104308.25 62379.67 3 20
102508.37 43573.01 3 20
104528.29 39092.59 3 20
92152.92 44544.81 3 20
99461.47 65835.69 3 20
102544.42 64061.11 3 20
97683.85 44044.47 3 20
107793.19 57324.62 3 20
90809.65 60208.43 3 20
106206.65 53029.18 3 20
106053.71 54411.77 3 20
97862.54 46889.48 3 20
98645.05 54473.24 3 20
79288.25 44458.01 3 20
100779.88 50058.26 3 20
99414.09 62801.65 3 20
92095.89 61609.57 3 20
87980.44 63847.37 3 20
99057.41 54739.68 3 20
82667.72 45475.86 3 20
105225.56 48848.08 3 20
100554.38 47422.66 3 20
86680.25 57038.7 3 20
74961.34 47256.82 3 20
82561.96 48810.45 3 20
93910.11 42219.95 3 20
75113.29 51314.17 3 20
91380.55 55857.62 3 20
86111.19 47840.63 3 20
99047.14 47691.34 3 20
87689.43 62320.57 3 20
85648.78 8993.0 3 20
100757.12 6804.02 3 20
101426.69 2902.83 3 20
88180.86 5297.25 3 20
98648.87 6006.41 3 20
104285.62 18598.17 3 20
103821.63 812.39 3 20
93179.73 16938.77 3 20
95826.24 15049.05 3 20
94963.69 16108.38 3 20
86486.11 6738.7 3 20
97173.97 6438.56 3 20
123102.34 2148.19 4 20
100194.8 4096.75 3 20
111284.56 7848.03 3 20
95555.49 14675.33 3 20
104607.29 21154.95 3 20
104860.3 8744.86 3 20
117493.02 7120.1 1 20
100636.81 3037.55 3 20
97392.98 17699.31 3 20
112156.02 5553.97 2 20
95630.29 5947.91 3 20
98780.03 7806.83 3 20
120625.97 3190.26 4 20
119938.52 16266.3 2 20
106605.39 348.51 3 20
116295.01 1710.48 4 20
87639.1 1998.93 3 20
88246.14 11347.16 3 20
100920.56 5285.55 3 20
99178.86 8024.03 3 20
114761.63 15036.82 2 20
99570.22 1126.35 3 20
90049.42 684.91 3 20
105342.9 5843.37 3 20
104672.45 2004.72 3 20
108571.5 15960.95 3 20
121819.46 9302.56 4 20
104674.52 12677.14 3 20
92479.11 12064.72 3 20
103329.23 8118.07 3 20
118408.62 13490.71 2 20
110786.61 6861.66 3 20
104506.33 2627.26 3 20
93933.43 1623.67 3 20
104369.22 8735.23 3 20
102355.74 18925.84 3 20
96660.44 9874.69 3 20
91783.82 3524.84 3 20
109810.16 93460.8 3 20
105909.08 94191.78 2 20
75910.42 81224.37 3 20
92579.05 92461.71 3 20
94529.38 88001.37 3 20
84373.88 86014.28 3 20
105342.89 97777.19 3 20
90151.23 93572.6 3 20
77642.09 98765.65 3 20
94941.34 83989.84 3 20
85148.71 100851.55 3 20
103216.21 99577.6 3 20
100229.01 99604.27 2 20
102074.51 102313.63 3 20
78763.57 77946.68 3 20
86268.78 74810.62 3 20
105226.43 90284.68 3 20
102133.57 79173.55 2 20
77314.08 89174.9 3 20
109049.51 95515.47 3 20
93180.0 75823.12 3 20
104652.77 99418.12 3 20
98133.57 79503.66 2 20
92755.39 99294.72 3 20
75714.74 89250.9 3 20
90367.61 94193.65 3 20
96034.82 84477.51 3 20
82576.75 97567.12 3 20
88638.79 77955.15 3 20
87812.09 95829.69 3 20
95294.65 87644.98 3 20
102205.34 98109.86 2 20
101457.11 98605.0 2 20
83792.41 95386.56 3 20
97443.26 79784.35 2 20
85117.78 84747.17 3 20
95319.79 84064.78 3 20
105714.39 80000.06 2 20
98671.58 93177.48 3 20
80455.03 91739.2 3 20
85294.72 92056.5 3 20
89376.32 75907.9 3 20
73414.61 88078.09 3 20
90462.56 78710.25 3 20
104151.12 85197.38 3 20
83211.64 99952.13 3 20
78499.56 84933.47 3 20
89035.62 83143.71 3 20
94632.82 87305.98 3 20
100660.68 96415.61 3 20
113069.32 83155.31 3 20
125165.81 93291.95 3 20
102461.44 90326.09 3 20
111795.99 73782.36 2 20
119664.57 91384.06 3 20
119297.85 90127.3 3 20
119799.8 86599.38 4 20
124728.99 92098.89 3 20
134742.98 82943.64 3 20
120519.78 87359.21 3 20
121062.53 82295.8 3 20
134407.72 90580.46 3 20
109305.12 86656.5 2 20
105513.52 87398.34 2 20
112862.91 80020.99 2 20
118808.9 100020.9 3 20
133519.91 93893.11 2 20
122174.41 81411.11 2 20
106030.81 91325.65 3 20
127086.81 89062.0 3 20
113247.64 87468.62 2 20
129465.13 98715.01 3 20
105003.79 92525.31 3 20
106495.51 84016.09 3 20
136789.94 86599.39 1 20
107685.76 74416.24 2 20
100375.95 87007.82 3 20
126354.67 80492.93 1 20
118619.72 93093.35 3 20
115978.31 81535.55 2 20
120242.83 75617.39 3 20
122892.9 97020.96 3 20
135938.91 88732.2 1 20
137291.98 87316.04 1 20
119629.72 72096.63 1 20
134233.43 82600.44 3 20
125103.91 83128.76 3 20
120275.32 84954.51 3 20
134587.38 87351.95 1 20
107362.69 80667.08 2 20
131758.99 83460.33 1 20
127742.1 99773.23 3 20
123973.77 71883.37 1 20
118506.79 71788.02 2 20
118020.78 77030.69 3 20
129736.12 80556.12 1 20
106822.85 87485.7 2 20
121592.63 82310.68 3 20
114980.55 81811.84 2 20
108604.85 90656.47 2 20
79242.92 101421.06 3 20
68776.22 98419.86 3 20
58715.53 93453.84 3 20
80420.85 81848.49 3 20
76949.88 81522.22 3 20
59467.57 106660.06 3 20
80853.9 89942.42 3 20
71595.33 105966.66 3 20
77028.82 97727.44 3 20
79439.68 89249.94 3 20
83966.81 86749.77 3 20
87918.6 93536.37 3 20
59763.24 95103.5 3 20
56293.42 103636.32 3 20
63707.95 81489.32 3 20
69240.9 105179.88 3 20
63326.12 91232.17 3 20
86966.33 94441.7 3 20
71788.1 82566.85 3 20
85166.51 85860.94 3 20
84724.2 92459.32 3 20
78424.08 89343.9 3 20
71987.7 83323.04 3 20
81773.32 92706.25 3 20
69940.83 109989.42 3 20
72356.43 97108.0 3 20
64822.39 94277.31 3 20
62175.63 92184.5 3 20
76631.39 95612.64 3 20
89786.87 94265.87 3 20
74076.22 90179.26 3 20
80849.68 81366.04 3 20
75371.6 84341.16 3 20
74948.87 108526.87 3 20
76778.4 102088.06 3 20
58988.63 86771.83 3 20
76322.92 109552.45 3 20
85083.74 84422.54 3 20
56567.94 98632.47 3 20
62029.67 102483.14 3 20
64377.09 102939.51 3 20
66946.46 102037.96 3 20
72705.29 93178.92 3 20
76594.18 81659.77 3 20
80554.89 94210.5 3 20
77680.94 97481.87 3 20
67307.69 101326.24 3 20
82515.94 82996.58 3 20
74731.79 105833.93 3 20
58428.57 97437.48 3 20
22806.54 101943.2 3 20
35480.03 109827.98 3 20
44757.64 90708.69 3 20
26466.51 111970.18 3 20
22332.23 90512.89 3 20
21429.66 108772.23 3 20
34125.63 110347.1 3 20
34272.55 94785.57 3 20
43798.64 100178.33 3 20
46627.76 91057.45 3 20
24939.62 103296.77 3 20
26404.04 95946.79 3 20
34111.31 110560.25 3 20
16746.3 99506.61 3 20
39059.07 104160.11 3 20
47491.65 100623.42 3 20
34559.08 100317.13 3 20
17346.8 100299.93 3 20
43302.4 97443.7 3 20
35446.21 106542.56 3 20
22126.75 95037.66 3 20
23611.57 99558.54 3 20
36204.79 109140.65 3 20
29979.0 102206.7 3 20
47307.38 103690.28 3 20
16159.2 97895.81 3 20
29574.64 91735.29 3 20
48785.45 103019.17 3 20
37419.46 95091.14 3 20
31642.71 99321.7 3 20
35113.95 87192.29 3 20
44612.72 91659.48 3 20
44077.6 97812.34 3 20
45998.32 92072.76 3 20
50655.99 96922.51 3 20
43836.33 96319.62 3 20
27353.85 87943.72 3 20
40347.8 85609.65 3 20
41803.47 102641.32 3 20
35577.94 88627.82 3 20
44487.75 98635.67 3 20
39589.87 90414.66 3 20
34353.86 106281.58 3 20
15748.54 102193.81 3 20
48043.66 95261.71 3 20
37169.22 87577.9 3 20
39961.58 90017.78 3 20
52057.42 105207.25 3 20
30515.84 106916.99 3 20
22383.41 95575.38 3 20
50148.17 109382.41 3 20
27400.83 110816.02 3 20
29264.71 112815.16 3 20
42207.99 96897.78 3 20
40085.35 97003.99 3 20
21129.48 114696.25 3 20
26413.78 96054.23 3 20
44772.32 99672.83 3 20
35567.67 96748.07 3 20
47313.28 95257.52 3 20
37554.89 103233.65 3 20
46012.76 114545.02 3 20
35917.35 97557.66 3 20
46717.76 110301.65 3 20
42444.36 92600.42 3 20
37114.89 114773.91 3 20
14910.78 108282.56 3 20
18531.51 113788.36 3 20
16235.38 109032.67 3 20
17288.07 102449.51 3 20
28980.7 105234.72 3 20
17771.15 99859.76 3 20
32459.17 104549.53 3 20
29312.53 92080.61 3 20
29966.36 106897.66 3 20
44239.17 107572.18 3 20
47772.38 107216.5 3 20
23533.06 117897.67 3 20
22019.41 111088.82 3 20
48849.43 110179.44 3 20
49488.69 110466.21 3 20
34464.72 109887.97 3 20
15603.93 106077.38 3 20
43239.25 103494.45 3 20
18351.43 97632.07 3 20
19926.62 106548.74 3 20
21246.6 101864.02 3 20
22771.94 101209.24 3 20
17712.62 105631.59 3 20
46055.41 117881.7 3 20
17228.25 110175.61 3 20
44188.9 112517.9 3 20
25261.45 94861.19 3 20
37076.08 94973.4 3 20
52140.27 110085.68 3 20
50251.55 106497.57 3 20
23868.05 97597.53 3 20
24255.5 107151.69 3 20
26888.94 115338.76 3 20
36294.13 101432.59 3 20
113339.03 128522.69 3 20
86604.85 120674.75 2 20
105271.87 117045.41 2 20
87938.54 123818.81 2 20
103617.63 115163.77 2 20
86647.89 118446.61 3 20
78544.38 132366.13 3 20
83541.43 118625.3 3 20
103794.83 134469.19 3 20
109031.92 130192.43 2 20
83963.95 124571.38 3 20
111271.17 130043.51 3 20
87593.15 138219.12 2 20
106730.85 132158.25 3 20
99044.11 133298.41 3 20
112576.13 130897.85 3 20
100363.89 115023.79 2 20
82739.41 126053.0 3 20
113306.94 127110.31 3 20
99435.42 124117.87 3 20
84503.04 115971.5 3 20
92967.05 133644.23 1 20
99950.55 124811.22 3 20
89030.95 122788.14 3 20
95290.2 113589.39 2 20
86289.56 115164.83 3 20
80813.48 130457.31 3 20
81423.62 136224.68 3 20
86738.16 130165.84 2 20
83332.16 117085.44 3 20
100696.17 136100.01 1 20
98044.24 126657.55 3 20
86361.14 136160.23 2 20
85634.81 134701.68 2 20
108434.51 134898.74 2 20
88414.08 142037.03 2 20
106040.88 117489.74 2 20
81679.39 131041.49 3 20
85288.18 140907.85 3 20
78943.45 129849.97 3 20
77189.88 123041.64 3 20
109042.42 130523.73 2 20
98621.85 136768.97 3 20
84380.88 123599.5 3 20
104939.71 140878.28 3 20
101134.08 135286.62 1 20
90032.94 130068.38 3 20
78756.44 122835.29 3 20
85881.6 134411.5 2 20
99286.09 131664.34 3 20
118139.64 77997.05 3 20
129125.42 51739.59 4 20
136285.27 63334.3 4 20
133341.8 70593.05 2 20
139121.08 58934.37 4 20
127793.08 62359.58 3 20
127933.1 51579.24 4 20
113455.32 54794.21 2 20
122617.05 54893.37 0 20
120238.83 65535.79 0 20
140507.59 75497.28 3 20
123274.39 53534.17 0 20
139055.47 53827.68 4 20
133038.37 72755.51 1 20
132339.79 79266.63 1 20
131837.81 68663.32 4 20
137785.51 65490.56 4 20
139183.9 64213.56 4 20
117633.75 67035.21 3 20
120531.01 77937.06 3 20
115098.67 60462.42 1 20
116385.54 58201.11 1 20
137533.82 53221.52 4 20
109134.25 64286.06 2 20
128633.57 50824.26 4 20
113458.54 70087.36 3 20
135046.23 66180.6 4 20
112151.33 75289.01 2 20
128476.94 54129.56 2 20
135783.0 59310.94 4 20
134135.49 53448.62 3 20
118831.57 59870.2 3 20
122432.01 68408.11 2 20
133470.41 79299.93 1 20
120479.51 64273.76 3 20
121453.18 55161.86 3 20
142856.62 69585.39 2 20
121583.15 73187.81 2 20
111215.47 67973.94 3 20
132693.68 76679.04 2 20
132633.12 63675.66 4 20
126796.55 57498.51 0 20
111670.34 70161.81 3 20
127670.37 60793.08 3 20
145658.97 65990.58 4 20
136660.65 54241.91 4 20
122422.46 54071.06 0 20
141057.04 67381.21 2 20
111190.65 67792.7 3 20
112362.3 61255.15 3 20
47492.54 121827.57 3 20
49680.53 131695.73 3 20
44297.18 117168.0 3 20
38223.91 125225.98 3 20
29991.22 126147.45 3 20
26080.8 123628.56 3 20
55172.86 124391.56 3 20
30923.9 141538.24 3 20
32991.1 121192.59 3 20
38468.82 116222.04 3 20
29045.81 140207.68 3 20
41209.71 122479.81 3 20
44893.71 122348.78 3 20
24078.55 135876.57 3 20
41996.36 135245.47 3 20
46480.76 130256.89 3 20
55200.62 129063.66 3 20
36761.11 130146.58 3 20
49435.98 134035.66 3 20
30181.94 123971.54 3 20
31250.68 141974.63 3 20
43051.41 132321.99 3 20
23989.74 125515.6 3 20
33322.48 132020.1 3 20
27727.43 133351.59 3 20
45713.38 135874.78 3 20
35019.14 139458.44 3 20
34868.95 136221.87 3 20
55678.43 136289.92 3 20
30026.84 124040.68 3 20
36383.65 139195.31 3 20
37063.68 115242.56 3 20
30402.96 130265.37 3 20
29364.2 121287.67 3 20
55298.26 119451.81 3 20
44788.78 120468.55 3 20
31446.91 126050.9 3 20
44493.33 126763.18 3 20
39719.57 129675.69 3 20
34344.8 118400.64 3 20
21131.55 128978.04 3 20
42948.12 120345.27 3 20
56714.89 132240.36 3 20
45602.78 131671.49 3 20
48654.84 128404.31 3 20
46738.46 123349.11 3 20
31088.1 123655.11 3 20
34928.08 116059.47 3 20
36995.94 138842.92 3 20
58268.56 133667.04 3 20
11439.0 105604.83 3 20
5122.47 117097.41 3 20
5199.29 104938.61 3 20
24272.95 114328.24 3 20
26624.59 126519.91 3 20
30302.95 122682.18 3 20
16770.44 116088.7 3 20
5793.59 118789.17 3 20
23360.32 106945.59 3 20
20546.26 114635.23 3 20
29694.29 115188.72 3 20
24.87 121878.65 3 20
20704.43 124122.77 3 20
21612.81 131847.67 3 20
23910.27 120867.49 3 20
27114.62 122304.8 3 20
1085.76 111234.11 3 20
26621.54 118082.62 3 20
4714.3 118201.15 3 20
8639.42 107416.72 3 20
27679.5 120627.53 3 20
22227.1 107094.3 3 20
5299.96 119160.22 3 20
12150.33 109992.29 3 20
1933.68 110836.32 3 20
29580.66 128151.66 3 20
7483.93 118007.12 3 20
11953.28 111472.41 3 20
15277.43 124138.2 3 20
19170.74 125706.52 3 20
10553.0 104175.18 3 20
5375.54 108639.41 3 20
31226.92 125943.58 3 20
2723.77 123469.16 3 20
25342.53 116826.11 3 20
16657.96 122081.16 3 20
1137.33 127556.42 3 20
25905.21 130635.2 3 20
1388.0 114283.1 3 20
7155.71 112807.43 3 20
4071.32 117430.65 3 20
11562.28 103179.68 3 20
27901.07 114722.49 3 20
30342.6 114806.93 3 20
7975.46 104923.92 3 20
19026.34 118099.82 3 20
26442.68 107522.07 3 20
8586.64 132466.16 3 20
816.21 121533.62 3 20
2014.26 127898.03 3 20
119744.35 87564.13 3 20
129243.46 100040.57 3 20
123310.16 78642.42 1 20
122716.12 80073.24 1 20
137372.43 101509.13 2 20
133276.42 82902.85 3 20
133687.24 86133.73 1 20
137824.89 99222.68 2 20
144600.95 89530.0 1 20
109119.55 95391.8 3 20
128230.56 91964.67 3 20
132039.86 98845.96 3 20
118062.38 102889.92 3 20
141437.44 83801.58 3 20
122353.42 89988.37 3 20
115796.68 88803.42 2 20
120950.11 80347.6 2 20
107122.57 92487.85 2 20
109987.74 93665.05 3 20
131135.6 79722.84 1 20
109606.81 101261.91 3 20
138213.18 102223.71 2 20
124863.58 85485.33 2 20
117703.36 94560.22 3 20
133035.89 87767.48 2 20
124254.53 99187.92 3 20
113315.91 86283.17 2 20
119861.63 81035.17 4 20
116105.55 103549.48 3 20
126875.48 94145.9 3 20
124055.39 88343.53 2 20
136527.55 95133.96 2 20
118778.3 81443.07 3 20
117039.67 104445.84 3 20
134248.3 82411.01 3 20
123557.37 98697.03 3 20
114059.33 96181.02 3 20
121975.95 87769.57 2 20
131497.61 90996.05 2 20
111125.71 101002.17 3 20
132957.22 81988.26 2 20
134562.85 79286.12 1 20
124991.09 98870.83 3 20
114063.87 86982.25 2 20
134490.46 103370.57 3 20
141422.6 90695.19 3 20
126482.31 93814.56 3 20
138120.51 97496.69 2 20
132752.84 106592.81 3 20
136434.57 90529.23 1 20
84276.63 94767.52 3 20
71004.71 102630.61 3 20
85120.04 110305.57 3 20
85317.95 92098.59 3 20
57427.59 95029.88 3 20
80512.26 95320.92 3 20
88903.16 104977.01 3 20
77405.29 93975.68 3 20
66574.73 112223.24 3 20
63620.73 111842.06 3 20
68697.27 92549.81 3 20
90011.66 101835.71 3 20
67209.95 94718.26 3 20
58818.69 99191.93 3 20
73824.76 101152.81 3 20
85056.76 97608.86 3 20
71421.42 114327.52 3 20
82439.75 93376.83 3 20
74132.87 95682.04 3 20
77485.24 89663.98 3 20
55638.19 103904.06 3 20
76714.06 107255.31 3 20
61532.31 111830.59 3 20
57213.86 108366.49 3 20
73990.77 89936.2 3 20
63068.99 97251.63 3 20
69776.84 88128.35 3 20
61504.23 108980.13 3 20
62461.44 100133.4 3 20
89795.7 98890.98 3 20
70615.38 105476.12 3 20
77767.64 103885.42 3 20
81478.05 101780.07 3 20
80956.99 104259.83 3 20
68637.85 112015.49 3 20
70406.67 88208.24 3 20
70777.05 106096.51 3 20
68890.39 98716.11 3 20
61160.04 111643.95 3 20
63455.25 95468.0 3 20
87865.35 101840.35 3 20
60905.84 91586.78 3 20
72709.58 86670.56 3 20
71437.97 92595.12 3 20
83850.82 112894.62 3 20
89040.07 109675.88 3 20
71661.03 88040.16 3 20
69233.31 101761.88 3 20
82998.46 114514.69 3 20
81262.59 93486.35 3 20
146878.54 95213.89 1 20
155550.54 102573.18 0 20
148497.84 112909.78 0 20
142426.92 105900.31 3 20
151910.8 99442.76 0 20
146577.42 95936.2 1 20
143661.76 117888.13 0 20
158531.98 116660.55 4 20
147857.82 95613.66 1 20
133016.53 119054.65 3 20
132651.05 121155.77 2 20
157959.86 102706.47 4 20
149642.03 113079.8 0 20
152972.2 113661.18 0 20
136997.88 110113.29 2 20
154394.61 97206.28 0 20
147657.64 106625.23 0 20
159721.89 116963.42 4 20
161391.28 112912.3 1 20
148551.36 107363.23 0 20
156995.85 108532.14 4 20
154014.09 111251.2 0 20
151161.16 118221.37 0 20
142064.15 121891.64 0 20
135437.27 116528.89 2 20
143709.49 119614.12 0 20
126943.55 113373.99 3 20
150613.03 111337.94 0 20
133155.85 116790.56 2 20
138408.7 118695.15 1 20
144560.06 122464.35 0 20
127675.46 103146.99 3 20
132878.35 120408.55 2 20
131090.75 118644.41 2 20
151044.62 99132.32 0 20
128496.95 116462.06 3 20
132021.39 98401.53 3 20
141945.46 95909.33 2 20
140675.75 105424.89 3 20
130699.41 111792.34 3 20
131173.56 104460.97 3 20
151614.86 94174.89 0 20
159022.09 117755.9 4 20
152647.69 101244.03 0 20
136768.3 117448.32 1 20
155420.08 107416.51 0 20
137892.08 118018.21 1 20
129644.49 101867.79 3 20
133579.74 95024.91 2 20
152774.37 105408.09 0 20
30604.07 119040.65 3 20
37743.82 111372.98 3 20
55277.44 126049.85 3 20
38496.77 114028.11 3 20
35354.69 118937.39 3 20
27571.63 106522.79 3 20
44741.16 121379.11 3 20
51682.47 129828.0 3 20
46829.49 126102.65 3 20
45522.43 106141.76 3 20
31378.45 114952.46 3 20
33780.99 118980.08 3 20
36251.93 107745.92 3 20
55501.99 111148.25 3 20
38891.04 111204.95 3 20
26929.6 116779.81 3 20
29741.52 105706.11 3 20
30759.73 114898.9 3 20
30574.94 116382.35 3 20
30830.3 108151.75 3 20
44174.79 119838.87 3 20
20279.53 121037.56 3 20
57284.26 115649.1 3 20
47059.59 117815.51 3 20
54782.98 118425.84 3 20
33973.85 109894.22 3 20
27041.14 123790.05 3 20
23973.03 121279.12 3 20
51895.14 125585.68 3 20
41422.71 121539.2 3 20
45289.56 112820.17 3 20
34610.16 117078.22 3 20
46773.46 105216.21 3 20
56019.13 116976.74 3 20
47783.55 121159.86 3 20
27027.78 118182.85 3 20
37635.75 131837.52 3 20
55623.57 117859.77 3 20
25654.2 122899.73 3 20
41514.32 112573.1 3 20
51752.63 117498.31 3 20
40261.91 105339.32 3 20
49907.99 129101.38 3 20
36518.0 108596.46 3 20
53952.45 113858.71 3 20
36124.55 120936.43 3 20
44310.75 117621.24 3 20
52254.81 128621.0 3 20
23799.33 108996.81 3 20
21165.23 122029.57 3 20
49618.25 99560.78 3 20
52287.75 121416.52 3 20
35271.88 112597.52 3 20
30321.2 112391.52 3 20
49520.35 97449.09 3 20
35574.76 109268.63 3 20
46867.14 94551.98 3 20
33535.04 108892.44 3 20
27447.53 109653.64 3 20
58177.85 108652.66 3 20
54178.04 105532.61 3 20
62766.88 104439.22 3 20
55740.77 117821.83 3 20
41257.54 100203.06 3 20
50895.81 93794.68 3 20
31207.01 115321.8 3 20
51417.54 111289.55 3 20
58810.17 109857.5 3 20
49302.4 115978.1 3 20
41765.42 103636.6 3 20
50558.08 101438.99 3 20
56512.17 113245.45 3 20
29484.06 105366.63 3 20
56462.56 109753.86 3 20
45739.59 103678.01 3 20
60072.45 107414.04 3 20
36151.42 120084.58 3 20
54338.54 115415.84 3 20
37878.82 100736.35 3 20
42583.28 112898.86 3 20
30841.4 103448.66 3 20
52879.37 98956.82 3 20
27123.93 102617.89 3 20
55187.65 114811.76 3 20
44023.54 106978.61 3 20
36746.88 106596.31 3 20
51514.88 106793.37 3 20
58003.97 106609.61 3 20
57522.58 96762.8 3 20
44880.91 117969.51 3 20
29495.14 113940.12 3 20
61308.2 111365.09 3 20
50705.54 103158.82 3 20
47132.38 95850.25 3 20
28430.07 106794.14 3 20
48763.94 110048.81 3 20
46538.69 111191.52 3 20
49058.72 104814.95 3 20
45578.22 116814.99 3 20
40752.36 122340.11 3 20
61440.05 26819.01 3 20
61780.3 43564.87 3 20
59071.64 44136.82 3 20
62409.41 36908.27 3 20
58484.15 37736.97 3 20
57149.95 46659.17 3 20
63000.19 45071.17 3 20
81717.02 28036.53 3 20
69345.93 40989.43 3 20
65240.8 38161.13 3 20
60263.5 43928.12 3 20
80511.53 27062.89 3 20
69781.45 39057.45 3 20
59992.52 42788.64 3 20
63362.89 45795.57 3 20
67066.56 31078.39 3 20
75227.63 44163.83 3 20
67939.58 43578.97 3 20
77785.69 44842.18 3 20
68080.79 51364.2 3 20
78085.79 45200.38 3 20
86320.42 35432.92 3 20
82327.09 33490.82 3 20
73079.64 29345.45 3 20
66734.65 42956.1 3 20
62111.59 48555.11 3 20
59082.35 32879.5 3 20
62138.93 35044.02 3 20
82156.08 33024.0 3 20
55846.66 28272.15 3 20
68391.51 31523.0 3 20
48691.03 33184.18 3 20
60861.2 49439.12 3 20
79962.27 44629.74 3 20
78969.37 47896.47 3 20
50640.08 39371.8 3 20
70683.02 39231.43 3 20
78086.12 29540.39 3 20
61685.43 27772.16 3 20
76573.6 24904.71 3 20
76754.69 48540.56 3 20
70434.23 27128.03 3 20
70728.49 39449.27 3 20
57734.71 36678.25 3 20
55591.73 25692.24 3 20
80024.11 35899.9 3 20
69117.14 47943.84 3 20
65604.26 48461.17 3 20
76507.57 31203.15 3 20
68319.94 32907.5 3 20
114643.93 78226.57 1 20
131893.63 87937.8 2 20
107666.75 80135.57 2 20
135847.21 91363.0 2 20
123265.43 67689.15 0 20
135037.89 85325.73 2 20
140374.61 75973.1 3 20
132403.23 90440.04 3 20
104318.8 81674.17 3 20
125263.92 73683.53 0 20
122057.17 74646.21 3 20
125460.37 94094.26 3 20
131684.15 81981.44 1 20
125239.75 90571.71 3 20
128174.05 74706.85 2 20
122875.26 75599.53 1 20
127968.47 85112.9 3 20
110117.25 90356.2 2 20
112625.44 71346.65 3 20
122013.45 90028.64 3 20
137174.63 88045.28 1 20
113528.3 85422.93 2 20
113815.24 78985.85 2 20
123948.4 95870.7 3 20
121651.46 66583.67 2 20
116771.07 68717.96 3 20
140293.69 75769.71 2 20
135570.06 86516.85 1 20
115927.92 94522.11 3 20
141895.47 77318.21 2 20
106584.65 88122.54 2 20
120582.53 86160.77 3 20
134730.49 73955.17 1 20
113587.04 90504.11 3 20
124309.49 94193.4 3 20
114035.51 85090.93 2 20
114286.42 69591.66 3 20
110974.08 76626.28 2 20
142517.08 81509.62 2 20
126666.85 94840.7 3 20
131880.85 84845.1 1 20
114037.52 89134.0 2 20
137214.36 72666.56 4 20
131926.28 75625.58 1 20
109150.67 73444.49 2 20
131335.2 92954.75 2 20
107059.79 86391.15 2 20
107371.14 77609.18 2 20
130109.02 89465.84 2 20
110903.59 87119.25 2 20
