114564.3 65511.37 3 20
113928.47 67389.95 3 20
98066.78 70274.17 3 20
118077.72 55054.56 3 20
94906.56 57447.33 0 20
116918.44 66046.64 2 20
95758.09 76551.59 2 20
92515.23 71442.75 1 20
106117.36 67402.24 0 20
92491.49 71446.96 1 20
118564.25 61335.94 2 20
104471.37 58259.13 3 20
103732.94 82850.73 3 20
108883.18 55714.57 3 20
117289.61 80079.32 3 20
92960.77 67076.09 2 20
125998.89 67527.97 3 20
94922.46 73684.31 3 20
110970.43 75996.69 3 20
118861.34 55966.14 1 20
91463.78 74891.44 3 20
91293.76 73995.67 1 20
106585.81 74084.68 3 20
104881.1 54051.94 3 20
114322.39 76697.99 1 20
113694.23 89416.64 3 20
89614.44 73245.75 3 20
110483.94 88640.72 2 20
87132.07 91418.44 3 20
105719.66 77571.26 2 20
100993.33 80921.34 3 20
89710.28 101188.29 3 20
92514.48 82252.85 2 20
92223.21 88880.85 2 20
103076.64 74280.28 3 20
93338.58 92121.61 2 20
97321.55 102104.31 2 20
95109.63 76375.94 3 20
112164.83 86238.21 3 20
85324.84 77721.28 3 20
104726.52 85180.27 3 20
93667.22 83834.08 2 20
112918.7 91052.95 3 20
111893.44 78786.51 3 20
93716.56 87044.69 3 20
106747.67 77868.23 3 20
79264.74 84458.28 2 20
110318.18 77411.06 3 20
108240.57 78913.47 2 20
104408.23 93951.1 3 20
144847.93 43261.22 4 20
136606.23 42670.38 2 20
130446.29 47958.04 4 20
112464.34 54770.43 3 20
128042.88 52335.16 4 20
124177.97 35250.76 3 20
127447.39 31013.0 4 20
133667.57 33148.54 4 20
143219.8 36997.11 3 20
130447.04 50495.74 2 20
131058.95 32340.55 3 20
126446.9 33669.44 4 20
111414.46 42433.71 4 20
115248.25 46796.39 2 20
122144.32 31394.15 3 20
122639.81 37042.76 0 20
131935.88 50657.34 4 20
129453.96 34665.42 2 20
134039.81 52057.16 4 20
128554.23 45184.42 2 20
109380.84 51706.41 2 20
123960.93 49745.49 2 20
121296.58 45109.27 1 20
120676.33 39675.38 4 20
135721.39 48510.43 2 20
123406.59 21581.08 3 20
143216.98 25301.0 4 20
130711.59 18303.31 2 20
147466.36 19898.8 2 20
138034.46 20061.68 2 20
145274.39 12242.3 2 20
132300.1 7862.9 2 20
135603.24 20551.0 2 20
135937.74 33937.07 4 20
133823.95 6691.28 4 20
134533.14 14986.48 4 20
116806.96 19398.4 2 20
136328.84 11281.33 2 20
128195.44 17795.39 2 20
143823.87 18417.36 4 20
116955.63 31156.91 2 20
113170.62 24492.71 2 20
128615.16 23389.44 4 20
130154.23 19616.8 2 20
148919.87 22973.61 2 20
118887.61 11734.89 2 20
126376.38 17501.17 2 20
122691.69 31792.78 4 20
125918.52 22354.99 3 20
112463.4 17854.24 4 20
123676.2 24689.3 3 20
95047.91 17824.28 3 20
121475.31 24311.11 4 20
113454.48 14483.58 2 20
93809.02 13006.33 3 20
99887.3 29092.45 3 20
114333.86 29871.69 3 20
124691.28 15549.82 1 20
109392.62 24673.73 3 20
97074.1 12803.14 3 20
129607.55 11658.74 2 20
100794.44 19681.27 4 20
125050.26 25305.54 3 20
117138.62 19876.47 3 20
97256.45 17214.67 3 20
98973.26 26621.27 2 20
102859.78 9247.44 3 20
97860.06 25663.63 3 20
123187.69 13210.47 3 20
116137.94 3207.92 2 20
96478.0 25659.89 3 20
127406.26 11998.94 4 20
97667.48 24087.13 2 20
102986.7 9753.91 3 20
113431.78 11608.19 2 20
111947.37 66133.67 1 20
107880.88 79967.64 3 20
124783.93 75603.83 3 20
94844.45 68191.41 3 20
111689.28 63515.58 3 20
111615.05 63295.69 3 20
102322.43 67167.77 1 20
99030.85 64196.03 3 20
103691.76 77903.28 2 20
130413.52 77454.87 2 20
117826.63 72349.6 2 20
114145.39 85686.29 1 20
129458.64 67296.43 3 20
109631.96 82823.87 3 20
112118.99 57511.82 2 20
117000.17 64300.59 3 20
99967.43 76267.96 2 20
105868.8 84676.54 1 20
108573.09 85191.7 4 20
110239.48 59239.26 2 20
96454.88 70177.56 3 20
117922.38 85903.11 0 20
113638.26 81372.6 1 20
112782.75 58769.37 2 20
122612.79 60386.61 4 20
79509.95 45713.35 3 20
106149.36 42416.23 3 20
101613.22 39074.75 3 20
97992.92 63817.66 3 20
87287.94 55228.93 3 20
91483.71 63347.02 3 20
103323.28 61652.78 3 20
84093.95 44801.35 3 20
88300.54 45168.81 3 20
98733.85 56992.54 3 20
97877.36 57704.21 2 20
94795.22 46765.91 2 20
101829.01 43707.85 3 20
79667.47 48545.9 3 20
94219.16 63165.81 3 20
77223.49 57287.1 3 20
92620.2 46551.78 3 20
91993.7 60985.88 3 20
99561.17 63935.21 3 20
105133.51 51659.43 3 20
93259.82 47808.62 3 20
94236.44 40342.44 3 20
86318.11 62124.83 3 20
87013.42 53316.84 3 20
90200.09 42601.31 3 20
101130.22 7862.84 3 20
122376.3 5983.65 3 20
104336.95 635.79 2 20
92226.24 16119.36 3 20
105972.17 2606.03 2 20
122210.56 1085.31 3 20
98416.35 7358.99 3 20
119331.23 3477.93 3 20
100752.97 18912.0 3 20
109867.99 20640.08 3 20
105756.65 19071.2 3 20
97497.99 5023.24 3 20
97596.23 3450.83 1 20
113713.74 8212.72 2 20
90316.48 14399.86 2 20
90030.03 13972.46 3 20
115684.66 2154.34 3 20
119376.78 13240.83 3 20
112427.93 18841.93 3 20
118868.22 3742.35 3 20
116081.4 18728.61 3 20
87981.64 12424.2 2 20
98665.64 3836.62 3 20
86441.68 9711.0 3 20
91862.38 3548.56 3 20
78123.29 86372.3 3 20
111101.71 90241.35 3 20
83501.61 95423.44 3 20
81832.98 94302.2 2 20
107067.12 87216.5 3 20
105534.75 100229.01 3 20
78709.83 94197.92 3 20
79889.27 90994.52 2 20
87993.35 98387.82 3 20
95427.41 87187.93 3 20
93779.99 78009.62 3 20
84420.07 96682.59 2 20
79876.28 84878.0 3 20
86782.76 81761.48 3 20
82551.58 89711.22 3 20
82507.82 87419.59 2 20
105942.96 90298.97 3 20
86274.44 101890.98 2 20
81094.55 92273.23 3 20
93786.64 92353.17 3 20
88901.72 75248.84 3 20
80254.78 79286.93 2 20
96905.02 87523.72 3 20
75384.27 89138.75 3 20
102109.0 78058.13 3 20
133944.23 93717.81 1 20
121837.01 94601.0 2 20
103113.22 86949.9 3 20
123972.77 72492.56 3 20
125344.31 76557.36 3 20
119760.89 95664.97 1 20
131256.41 94764.76 1 20
111010.12 72408.55 1 20
124238.69 97228.9 1 20
108934.6 90565.79 2 20
104099.26 94148.75 1 20
132599.56 86122.58 2 20
123431.18 91439.67 1 20
103959.88 87249.9 1 20
136730.84 80689.97 3 20
109800.07 89931.12 1 20
125395.89 97226.53 1 20
122441.59 88975.23 1 20
132385.48 96251.74 2 20
115182.79 101207.52 3 20
123514.9 81349.38 2 20
112530.18 98954.4 1 20
118820.22 86635.03 2 20
122677.69 98655.27 2 20
124962.26 94426.03 1 20
63995.01 105874.32 3 20
63475.97 85536.5 3 20
67462.81 97577.95 3 20
85412.31 87117.88 3 20
60974.57 92624.88 3 20
76420.58 83310.69 3 20
71451.04 104920.03 3 20
88217.25 87872.0 3 20
63593.89 90905.47 3 20
78808.76 104401.21 3 20
71149.74 93549.82 3 20
77656.97 98745.37 3 20
67013.67 95651.81 3 20
55002.74 87856.65 3 20
83298.72 100378.79 3 20
80771.63 99446.59 3 20
64376.68 82613.67 3 20
67028.29 106625.83 3 20
54721.51 95674.85 3 20
57969.05 86192.68 3 20
63426.45 91628.05 3 20
72156.54 82908.06 3 20
69615.18 99966.96 3 20
65059.49 84940.26 3 20
79105.63 97208.96 3 20
23692.37 91693.78 3 20
34981.97 109701.4 3 20
33939.14 98557.0 3 20
34465.48 102799.35 3 20
17137.49 97361.86 3 20
41147.5 102415.82 3 20
30663.11 103889.47 3 20
40764.5 85545.06 3 20
36564.51 106625.52 3 20
41715.72 110008.14 3 20
30953.71 107609.44 3 20
45169.12 92467.43 3 20
48144.36 106339.07 3 20
48337.7 96935.23 3 20
15903.7 100357.63 3 20
34385.45 101020.13 3 20
38655.2 96613.7 3 20
45918.14 98127.24 3 20
24655.09 103253.76 3 20
20522.55 93223.75 3 20
26899.85 85804.38 3 20
44055.06 106427.1 3 20
36567.92 86211.37 3 20
40588.17 102277.5 3 20
27450.84 101867.68 3 20
35075.26 115496.82 3 20
27102.92 119569.23 3 20
37482.78 106935.48 3 20
34199.35 96705.23 3 20
29516.74 93614.18 3 20
42736.24 119188.3 3 20
15868.02 108923.89 3 20
34696.08 90859.13 3 20
26200.73 118335.94 3 20
31549.96 99330.61 3 20
28460.16 100169.29 3 20
30293.33 113646.62 3 20
35389.76 106431.52 3 20
15856.84 110923.46 3 20
19229.44 99548.69 3 20
44971.84 95213.58 3 20
45645.39 110641.01 3 20
45409.82 116508.83 3 20
20888.64 113219.6 3 20
23626.31 98976.16 2 20
27138.66 100393.91 3 20
28611.67 119022.79 3 20
45459.58 104151.78 3 20
28296.67 110152.2 3 20
49661.98 100318.03 3 20
107724.61 124963.79 1 20
88516.1 138008.33 1 20
92115.38 130115.66 1 20
91743.46 138765.95 1 20
88880.7 129158.37 3 20
106625.75 128109.44 3 20
78148.83 125209.62 2 20
99094.7 126599.26 3 20
113279.27 123493.8 2 20
93803.42 129605.38 3 20
105791.65 128355.03 3 20
82616.43 129544.27 2 20
103787.99 129891.77 2 20
83780.41 131816.14 3 20
110323.25 134299.83 2 20
88900.62 141902.73 3 20
109946.91 131950.4 3 20
103239.05 117091.63 2 20
93406.96 117685.36 1 20
102976.48 126186.9 2 20
101919.7 114112.53 2 20
100143.39 139396.8 2 20
105460.79 123020.78 3 20
86839.56 124642.81 3 20
100684.9 129948.79 3 20
145090.93 62780.65 2 20
144125.46 68809.81 2 20
132062.31 55023.29 4 20
127827.27 67834.45 2 20
123318.33 55746.12 1 20
141252.33 55996.62 2 20
143407.37 70499.8 0 20
127040.36 53346.37 2 20
119042.29 67429.75 2 20
117326.26 58552.94 4 20
130874.16 53191.59 4 20
116101.65 72790.36 3 20
113179.34 68697.42 2 20
133825.46 52704.98 2 20
119576.71 64739.29 1 20
124018.99 60933.37 4 20
130421.29 69169.78 0 20
116516.97 77157.86 4 20
124738.16 79379.68 2 20
131194.02 79716.23 2 20
140240.49 74331.88 0 20
127455.89 78543.37 1 20
108275.43 61342.22 1 20
133892.26 79567.36 1 20
128075.82 68509.17 1 20
46909.7 126557.59 3 20
30785.32 131036.08 3 20
35396.36 132026.55 2 20
36980.19 131949.58 3 20
58878.03 130266.05 3 20
35474.48 117157.63 3 20
55074.23 134471.41 3 20
39264.57 139736.5 3 20
45493.98 137612.69 3 20
22824.04 123615.64 3 20
37992.4 119241.12 2 20
36059.89 122200.75 3 20
33434.05 117566.73 3 20
32781.55 126060.2 3 20
37635.34 120536.73 3 20
49751.34 118856.4 3 20
42915.79 134701.36 2 20
32731.87 120176.91 3 20
29837.97 123259.86 3 20
36538.93 127142.6 3 20
34334.89 123260.71 3 20
48812.31 138885.96 2 20
33719.99 119659.7 3 20
58322.33 128391.25 3 20
41503.92 114026.04 3 20
10900.53 116818.1 2 20
1495.97 126604.82 2 20
4072.31 113542.65 3 20
32078.17 118508.15 3 20
26874.37 119234.8 2 20
15169.02 121824.77 3 20
15280.07 123320.98 2 20
4533.91 123666.0 2 20
2131.7 105997.39 3 20
29789.22 121324.13 3 20
3635.71 129135.26 3 20
5736.25 129971.61 3 20
26573.81 120593.53 2 20
12397.31 103600.85 3 20
30092.65 124337.73 2 20
21557.39 109433.47 2 20
12504.32 133181.36 3 20
3274.25 125388.48 2 20
18382.04 105959.82 3 20
22306.72 127905.27 3 20
23640.83 118762.68 3 20
24123.11 128522.69 3 20
17192.88 122812.16 2 20
30795.82 124813.54 3 20
20671.98 109951.6 3 20
128979.22 87699.56 1 20
130541.32 96235.75 3 20
120536.74 89508.59 2 20
119578.23 99602.39 1 20
131552.63 105865.26 3 20
111503.69 99593.33 3 20
139334.37 96820.1 2 20
129632.57 107718.06 1 20
130247.19 77767.83 3 20
120336.96 93150.2 2 20
125236.15 102167.32 3 20
134466.26 96192.0 2 20
133896.11 91763.56 3 20
113910.72 87613.64 3 20
111979.54 93304.26 1 20
110388.78 91813.22 1 20
121954.59 83982.91 1 20
136169.43 100967.54 3 20
110386.38 100187.02 1 20
134158.38 105570.22 3 20
122167.61 96392.41 3 20
129933.21 84554.3 1 20
121697.86 87551.45 1 20
114616.63 105418.04 1 20
136431.22 85334.71 1 20
76547.31 98881.3 3 20
92103.41 105413.96 3 20
72780.91 93087.73 3 20
68875.95 94324.48 3 20
84275.35 94949.12 3 20
83650.49 95452.27 3 20
57403.86 98525.71 3 20
71486.96 105224.42 3 20
90656.06 99995.11 3 20
73501.03 90454.08 3 20
69835.64 97865.65 3 20
65983.82 104491.93 3 20
74269.69 104795.7 3 20
70546.92 106578.87 3 20
62153.87 110207.2 3 20
86156.67 101945.89 3 20
66117.47 111909.96 3 20
88809.98 96591.92 3 20
62740.74 112488.87 3 20
67532.01 116252.14 3 20
77409.54 99670.74 3 20
56349.33 101225.39 3 20
67642.87 115784.47 3 20
79924.03 115376.19 3 20
76065.08 107101.58 3 20
150183.45 118266.91 4 20
144646.55 115319.68 0 20
139092.09 106292.71 3 20
148648.46 102583.88 0 20
130909.99 99102.88 0 20
127458.47 117220.16 2 20
144288.41 115805.6 3 20
139810.43 104704.67 0 20
134584.47 114493.42 3 20
150263.72 121958.85 4 20
152836.23 112975.55 0 20
155237.7 117983.89 4 20
134109.31 117486.5 4 20
151327.85 100264.47 2 20
147872.43 107230.71 1 20
157375.76 113450.66 1 20
147065.71 108798.35 1 20
148429.75 96002.05 3 20
129349.29 116090.22 1 20
135780.01 113504.24 2 20
156042.9 102068.14 3 20
156522.74 115509.56 4 20
157892.38 107763.23 3 20
143196.98 119874.6 4 20
128658.55 101659.42 2 20
56167.81 114109.41 3 20
19498.06 114352.23 3 20
29901.89 124233.16 2 20
49033.67 119286.78 3 20
43716.37 103776.64 2 20
54670.51 117197.14 3 20
38040.7 124613.83 3 20
48312.71 110089.94 3 20
26776.79 124477.47 3 20
37312.57 133360.83 3 20
21776.4 119653.01 3 20
40031.76 128255.19 3 20
32784.28 120928.03 3 20
33366.58 124377.23 3 20
29619.12 106628.3 2 20
33969.0 117271.35 3 20
25323.82 120091.25 3 20
26720.54 112845.71 2 20
51334.89 129209.06 2 20
37744.25 127022.41 3 20
32525.53 112886.54 3 20
38398.37 110172.72 3 20
47917.24 126161.95 2 20
39122.16 108087.9 3 20
56054.57 112007.76 3 20
30013.36 104299.19 3 20
49080.32 120521.12 3 20
39730.14 101781.14 3 20
48030.66 95687.7 3 20
48401.6 108225.64 3 20
51990.67 106754.49 3 20
37741.44 114797.65 3 20
36946.29 101371.76 3 20
59640.27 108748.1 3 20
44731.23 115910.98 3 20
60269.58 109254.09 3 20
39545.42 107093.25 3 20
31316.55 106380.66 3 20
46403.55 109848.8 3 20
59109.27 104159.93 3 20
40720.71 118391.83 3 20
45030.88 102369.2 3 20
26819.47 105229.5 3 20
53326.4 96845.18 3 20
35174.0 105739.69 3 20
62154.92 101733.15 3 20
42781.1 108824.61 3 20
25726.34 110329.15 3 20
34732.02 113947.07 3 20
39934.45 95910.22 3 20
51721.44 43217.25 3 20
83752.84 35720.38 3 20
62788.99 29937.9 3 20
76785.02 33380.46 3 20
80257.98 46195.09 3 20
48325.51 33968.84 3 20
67816.65 35489.69 3 20
51772.26 46295.88 3 20
78349.71 39862.24 3 20
53796.36 44630.45 3 20
69293.61 38545.06 3 20
67125.53 49327.37 3 20
67623.48 24594.44 3 20
69860.73 41498.1 3 20
74937.96 36648.14 3 20
48755.29 38452.92 3 20
86408.43 32602.28 3 20
74388.64 33930.31 3 20
75471.29 39116.89 3 20
60457.23 25813.77 3 20
76496.37 42018.38 3 20
78805.0 30454.47 3 20
51333.8 32536.25 3 20
81460.5 26810.5 3 20
81413.31 43597.2 3 20
124267.74 68915.4 1 20
108773.41 76320.82 3 20
112735.63 68784.87 3 20
140621.0 77163.11 2 20
112168.99 70941.11 3 20
117929.53 94935.67 2 20
135627.37 91632.88 4 20
126737.0 83366.51 1 20
128415.96 73697.49 1 20
130519.19 88042.64 0 20
113912.34 84444.85 2 20
135960.47 89875.21 3 20
107311.95 76327.47 1 20
131699.18 94613.73 3 20
130426.96 75422.31 4 20
105191.14 81482.87 1 20
115622.4 67585.51 4 20
109494.9 83387.06 2 20
140921.17 87125.94 3 20
118167.87 88418.14 3 20
140256.51 83274.89 2 20
131241.77 81297.05 2 20
116751.92 66665.02 2 20
120070.12 69466.19 4 20
126616.51 84222.41 4 20
