100107.64 58173.75 3 20
103747.35 58159.31 3 20
107663.61 75060.42 2 20
97612.73 58901.19 3 20
108386.72 69729.45 1 20
109355.38 78442.08 2 20
109031.38 66038.05 1 20
114614.71 70589.79 1 20
89935.26 69852.04 3 20
105721.8 67747.68 2 20
115994.36 75855.07 1 20
95544.58 58782.76 3 20
119733.78 73206.89 3 20
122447.62 69795.92 2 20
122085.13 78479.72 3 20
105739.33 65275.43 3 20
121016.95 63289.73 2 20
97570.7 57481.25 3 20
120858.34 62529.42 2 20
112875.88 72809.4 1 20
113121.73 54733.51 2 20
122700.48 76982.36 1 20
101084.63 69192.96 3 20
92971.92 60822.98 3 20
104298.91 65157.22 3 20
107956.41 93402.9 2 20
89677.06 75558.34 3 20
100717.67 80060.26 2 20
99292.45 83517.08 3 20
94899.75 84312.42 3 20
100887.54 83162.44 2 20
90744.21 87376.85 3 20
99689.26 80195.4 2 20
89636.13 75203.23 3 20
91349.58 87765.19 3 20
95571.88 76122.48 3 20
94886.05 77423.85 3 20
80149.77 91784.58 3 20
100080.47 97434.27 2 20
98587.42 83794.61 3 20
95887.17 95162.02 3 20
89873.37 88072.79 3 20
80590.44 92370.68 3 20
101893.65 96960.45 2 20
86217.86 95730.72 3 20
97245.88 73949.73 3 20
112451.16 93622.62 3 20
97926.62 88880.26 3 20
100063.19 93266.76 2 20
115714.84 82605.11 2 20
137845.15 47538.17 4 20
135887.86 44125.01 4 20
128778.5 48743.33 4 20
133280.97 56405.09 2 20
137764.82 53264.76 4 20
123715.04 38583.75 2 20
132078.65 42887.63 4 20
125503.86 34094.1 2 20
146160.03 47326.42 4 20
115194.14 46865.52 2 20
130463.4 52333.15 4 20
129589.55 31415.79 1 20
129518.17 34867.87 1 20
134157.97 54815.29 3 20
130263.63 56840.55 4 20
111169.91 35313.51 3 20
127965.44 45571.78 2 20
126584.63 33572.96 3 20
123065.66 45431.03 4 20
134061.22 42509.29 4 20
133277.26 47723.5 3 20
137680.54 37927.88 4 20
133773.38 43692.62 4 20
112869.76 49929.37 2 20
129576.07 43088.29 4 20
135474.59 22999.66 4 20
128482.98 18029.91 2 20
116068.06 9992.0 1 20
132510.27 21429.4 4 20
125630.68 31865.69 3 20
140917.84 14223.33 4 20
143585.44 21716.44 4 20
133330.31 21963.01 4 20
121881.96 31323.3 2 20
112145.02 24054.58 3 20
136990.44 9156.63 4 20
112567.56 23943.11 3 20
111364.48 19007.63 3 20
134695.72 17768.48 3 20
124508.24 9322.24 1 20
139560.09 14192.48 4 20
123265.13 9145.76 2 20
138310.74 22884.31 4 20
128436.28 7853.91 4 20
124133.5 13281.33 2 20
129518.74 21038.0 4 20
113099.19 29297.79 3 20
132846.42 17893.53 2 20
123795.75 8101.71 4 20
129706.38 10632.09 4 20
105011.08 7841.51 3 20
103863.12 12973.83 3 20
103113.73 16917.09 3 20
108770.71 2456.42 3 20
117729.67 28055.62 2 20
108943.79 19197.09 3 20
109860.18 22146.42 3 20
95130.97 15880.58 3 20
126148.72 20902.31 4 20
101330.7 5228.78 3 20
113114.95 6394.15 2 20
114429.39 3417.86 2 20
105862.86 16871.71 3 20
107471.64 11095.85 3 20
128505.11 14482.43 4 20
109456.55 19640.34 3 20
95934.57 10143.91 3 20
102379.37 5307.29 3 20
121169.24 28467.35 2 20
117811.68 23104.43 2 20
117195.88 17163.07 2 20
102914.35 23740.16 3 20
128665.64 8540.89 4 20
125555.39 19733.06 2 20
98768.21 18364.72 3 20
124474.61 83939.05 2 20
97080.27 67111.2 3 20
126995.01 75966.36 3 20
118801.92 67382.5 3 20
110444.24 73455.01 2 20
112759.84 82106.91 3 20
99959.23 80494.77 2 20
106739.25 71097.16 2 20
106085.73 65170.84 3 20
118855.4 57050.73 3 20
96245.98 64828.63 3 20
107425.58 58295.1 3 20
105632.96 81861.65 3 20
105716.56 60435.59 3 20
111470.64 69981.21 3 20
118138.2 66228.81 2 20
94230.09 73985.1 3 20
104857.83 82508.21 3 20
117693.58 86672.23 3 20
95560.11 78940.55 3 20
95944.91 74072.07 3 20
113295.95 76912.29 2 20
102347.75 61913.21 3 20
104876.59 72697.72 2 20
115784.32 72254.37 1 20
141671.95 26915.74 2 20
136016.24 40306.11 2 20
147927.5 35977.6 4 20
130962.69 38644.59 1 20
137460.92 41748.49 4 20
152489.0 34437.31 4 20
136306.05 51231.46 4 20
126279.66 33533.83 3 20
125468.61 38267.87 2 20
137309.45 25554.5 4 20
139084.53 36754.93 4 20
155543.99 49780.41 4 20
132550.47 46281.5 2 20
135371.28 44742.1 4 20
155820.91 48472.23 2 20
139455.69 45077.32 4 20
152204.01 41274.35 4 20
133227.8 26041.37 3 20
135282.21 43534.58 4 20
154369.64 49677.36 4 20
128255.8 35215.88 1 20
146718.27 37082.36 4 20
140592.08 32114.37 3 20
156366.17 36118.83 4 20
145618.08 40073.29 4 20
136541.05 23890.73 4 20
129725.23 32873.56 1 20
139741.52 36118.69 4 20
146835.79 29432.34 4 20
157996.78 22125.59 4 20
142599.22 19354.89 2 20
146041.56 17853.86 4 20
158265.0 29616.57 4 20
130362.38 30041.71 1 20
135868.99 40986.83 2 20
138026.07 37569.43 4 20
127962.04 29816.5 1 20
141465.23 34647.97 2 20
128819.18 39388.04 2 20
134331.76 32510.37 3 20
141615.44 22003.58 4 20
144362.04 46149.31 4 20
155220.66 33840.72 2 20
146943.21 34991.5 4 20
158179.32 22729.01 4 20
131179.95 38380.15 1 20
139700.9 41736.77 4 20
154241.24 26713.23 4 20
158292.36 26511.73 4 20
140312.74 43967.75 4 20
93798.38 64130.38 3 20
98331.95 43860.42 3 20
90583.97 62526.04 3 20
92124.38 62687.78 3 20
105586.8 41582.84 3 20
89150.09 64045.01 3 20
83443.78 38414.21 3 20
92969.79 66879.18 3 20
101369.08 41737.72 3 20
96879.1 58466.31 3 20
106809.24 61873.31 3 20
76000.22 47934.38 3 20
95993.9 64826.31 3 20
107405.49 49086.87 3 20
100568.4 41946.27 3 20
100896.32 55836.13 3 20
89673.72 53473.36 3 20
87369.64 38620.72 3 20
87639.76 65439.55 3 20
79632.12 43304.07 3 20
101109.75 41616.16 3 20
104280.49 52437.61 3 20
87367.9 39842.65 3 20
106333.53 59417.8 3 20
92907.82 57875.67 3 20
92180.15 1393.11 3 20
113665.43 17151.85 3 20
102935.6 5895.84 3 20
120025.45 15861.82 2 20
119629.26 268.39 4 20
108881.61 7910.32 3 20
108858.84 2157.42 3 20
94403.81 16566.72 3 20
93145.91 2552.24 3 20
86143.34 8394.62 3 20
101326.53 10593.46 3 20
114109.73 13305.11 2 20
109539.69 17321.98 3 20
101096.5 2704.4 3 20
87873.44 495.88 3 20
116809.05 9314.81 1 20
99952.72 4426.51 3 20
89208.63 838.38 3 20
89890.49 15909.7 3 20
98035.12 7238.24 3 20
115875.81 14180.24 2 20
111949.03 20465.38 3 20
105127.84 13090.05 3 20
110503.72 8745.19 3 20
110480.35 4080.68 3 20
101078.84 78065.84 3 20
107400.04 95103.38 3 20
86810.29 104511.06 3 20
107091.52 98520.19 3 20
104578.07 101102.54 3 20
79817.84 80458.15 3 20
86127.52 98966.31 3 20
93392.11 89572.42 3 20
81342.8 98371.78 3 20
94870.94 100116.33 3 20
79174.3 101089.22 3 20
85131.2 75089.36 3 20
102682.17 84373.57 2 20
93969.18 74826.32 3 20
80718.45 80383.8 3 20
95141.98 90818.14 3 20
77057.21 82957.92 3 20
96446.92 96732.38 3 20
92522.74 74142.86 3 20
97107.89 84009.63 3 20
108817.69 90609.37 2 20
89942.85 97382.72 3 20
97950.05 89541.31 3 20
105336.86 96231.17 3 20
107841.13 88447.17 2 20
126210.66 87102.81 2 20
136940.51 92296.48 2 20
137149.96 88814.91 1 20
121238.61 97438.22 3 20
110499.61 95809.48 3 20
128554.79 91241.77 3 20
108086.18 87894.18 2 20
127637.8 86284.93 2 20
115587.63 74240.12 1 20
102519.32 91422.09 3 20
136563.66 94154.57 2 20
102116.52 86344.67 2 20
122302.09 79869.03 1 20
138587.33 81848.71 1 20
101670.67 81394.47 2 20
110196.79 92005.79 3 20
112275.26 93156.5 3 20
114897.22 85465.89 2 20
125361.16 89306.96 3 20
126403.64 79316.26 1 20
134770.6 81410.4 2 20
137042.88 88603.83 1 20
129741.29 75069.0 1 20
118865.53 91358.62 3 20
127025.36 82793.79 3 20
70947.69 88227.26 3 20
77837.41 92317.59 3 20
86368.17 99956.49 3 20
77081.34 89733.98 3 20
54955.46 88923.66 3 20
61527.76 94869.42 3 20
58340.91 91200.33 3 20
68596.27 106983.22 3 20
81415.33 105666.19 3 20
77154.63 101227.32 3 20
76977.35 90917.99 3 20
64256.97 90074.13 3 20
67999.71 97459.62 3 20
72677.25 94351.94 3 20
70455.49 80723.93 3 20
53145.98 92009.98 3 20
75856.53 89854.86 3 20
61988.76 87789.63 3 20
65573.37 84243.24 3 20
79962.79 92851.41 3 20
83081.31 92536.75 3 20
88342.91 104028.22 3 20
71358.97 110039.03 3 20
65374.45 89491.53 3 20
71229.68 86241.4 3 20
27538.81 95854.42 3 20
20467.67 89988.51 3 20
21278.63 98419.06 3 20
25476.66 104209.08 3 20
49783.76 99655.29 3 20
50044.59 95716.65 3 20
31597.08 85773.12 3 20
30531.02 97263.51 3 20
51662.34 94915.79 3 20
42083.59 106302.68 3 20
49811.76 100413.8 3 20
44358.14 85775.26 3 20
53569.06 99252.76 3 20
44600.79 93918.01 3 20
27564.43 91795.93 3 20
27701.47 83892.89 3 20
40744.02 100066.18 3 20
49875.71 99205.58 3 20
39571.99 103133.63 3 20
36519.06 96754.52 3 20
23248.42 99896.95 3 20
44955.29 89776.13 3 20
49844.17 103859.32 3 20
17851.74 99366.82 3 20
52121.44 96968.35 3 20
49875.31 102348.87 3 20
30817.43 116060.34 3 20
27029.48 102557.69 3 20
25880.29 96559.6 3 20
41241.03 97993.4 3 20
29297.05 97090.28 3 20
26116.67 118203.1 3 20
21716.86 94513.7 3 20
39416.9 102027.87 3 20
18980.89 105302.15 3 20
24467.75 115987.69 3 20
38453.58 107359.33 3 20
25885.06 104208.25 3 20
37228.23 107248.29 3 20
41204.97 108050.39 3 20
27356.61 94577.99 3 20
37853.84 109857.7 3 20
32460.69 109787.14 3 20
36057.84 117561.54 3 20
19150.61 105317.68 3 20
27788.97 114332.12 3 20
35481.97 116502.0 3 20
28680.07 111759.15 3 20
16742.28 109529.74 3 20
26049.57 115265.55 3 20
101612.8 128928.05 1 20
95227.7 127632.41 1 20
96634.41 116000.99 2 20
91585.79 115336.05 3 20
92681.92 132884.86 3 20
77469.34 123616.06 3 20
99499.29 123744.9 3 20
94128.07 136917.62 1 20
96813.38 135763.59 3 20
92907.93 139039.67 1 20
101322.54 117450.13 1 20
83447.63 127933.04 3 20
90259.49 136951.07 3 20
82258.32 135476.99 3 20
99477.33 116932.99 2 20
109909.88 134282.7 2 20
85250.46 141494.86 3 20
98059.88 118722.48 3 20
86936.1 117198.01 3 20
106724.76 137096.06 3 20
86746.87 123877.27 2 20
106129.04 115578.82 2 20
93404.2 134713.83 1 20
110849.77 131695.29 3 20
91257.62 115300.8 3 20
123180.61 80438.58 2 20
126706.15 80332.33 1 20
140075.85 57531.34 4 20
113859.39 57115.5 2 20
138224.17 63230.28 4 20
116797.19 70445.22 2 20
132686.5 63305.12 4 20
118289.95 58981.1 2 20
110213.21 64346.11 2 20
113023.32 55693.89 2 20
110901.1 67494.94 3 20
143694.47 58161.93 4 20
120681.14 73967.55 2 20
128141.38 51379.77 4 20
113939.97 58683.03 1 20
129817.06 73689.9 1 20
113904.81 56232.66 2 20
130168.92 59219.85 4 20
118515.72 57796.95 3 20
129299.02 59700.13 4 20
134858.73 57584.93 4 20
135669.64 73443.2 1 20
125513.58 66374.34 0 20
141202.55 67565.43 2 20
116038.6 67936.95 1 20
51877.51 141307.56 3 20
55378.3 131050.89 3 20
38886.73 138108.42 3 20
31560.26 137461.94 3 20
41323.89 129076.83 3 20
34559.62 141521.86 3 20
31498.46 135207.73 3 20
28939.83 134477.56 3 20
55413.65 133198.81 3 20
31128.12 133212.7 3 20
35384.04 119610.54 3 20
29957.03 122347.46 3 20
40170.84 129681.02 3 20
36844.72 129364.83 3 20
50477.18 127392.25 3 20
38881.78 123874.92 3 20
51845.83 119632.95 3 20
46263.38 137372.92 3 20
44229.75 116970.95 3 20
43322.99 117873.02 3 20
46839.1 140160.42 3 20
51360.47 129071.75 3 20
29724.64 126990.39 3 20
26983.11 131182.3 3 20
44759.89 133512.56 3 20
13294.58 114436.74 3 20
5440.11 124285.02 3 20
31437.93 116780.19 3 20
22544.59 114013.34 3 20
13063.79 110269.37 3 20
27183.35 117893.04 3 20
9027.8 124980.12 3 20
27144.57 117649.43 3 20
8536.29 128137.49 3 20
6620.14 106172.25 3 20
3295.12 112375.77 3 20
31538.78 123555.29 3 20
27509.4 119624.46 3 20
3498.34 123858.96 3 20
15821.83 123927.57 3 20
5370.98 116308.58 3 20
28909.61 120241.83 3 20
16114.59 125345.06 3 20
15258.64 120776.33 3 20
1767.28 118497.3 3 20
20556.72 114901.99 3 20
23779.4 122805.51 3 20
16444.24 123176.14 3 20
3441.67 120166.08 3 20
801.63 127081.19 3 20
131362.05 105520.18 3 20
140093.67 99343.3 2 20
115776.48 82024.9 2 20
120107.49 86466.25 3 20
118001.94 83968.28 3 20
108859.4 86214.69 2 20
117914.11 86046.76 3 20
132439.69 103921.65 3 20
117171.01 100081.82 3 20
108034.05 85933.22 2 20
132158.69 103747.27 3 20
117702.84 85029.13 3 20
107274.63 88606.15 2 20
129568.44 87103.81 2 20
137586.62 101166.8 2 20
128392.96 100847.22 3 20
116125.84 84787.19 2 20
110751.83 99854.61 3 20
114518.9 96922.76 3 20
124493.17 93810.71 3 20
140451.35 99020.83 3 20
131239.77 100513.44 3 20
113815.96 85514.13 2 20
110697.72 102945.19 3 20
119577.07 102812.5 4 20
59958.17 106560.53 3 20
90979.11 100590.72 3 20
91697.29 99717.98 3 20
75948.51 100340.5 3 20
78483.8 96992.07 3 20
71411.82 107660.61 3 20
73836.07 90742.1 3 20
74450.6 114305.82 3 20
60410.43 90642.96 3 20
61979.49 97981.53 3 20
85805.09 89239.69 3 20
62821.54 104079.79 3 20
62722.94 101736.25 3 20
59858.3 91784.57 3 20
61922.12 89933.61 3 20
79177.9 99843.27 3 20
71260.16 97564.38 3 20
78834.8 112237.24 3 20
75205.13 88926.16 3 20
71904.47 113318.82 3 20
90450.72 93804.39 3 20
69974.54 93597.61 3 20
85524.95 94016.11 3 20
81242.49 91989.28 3 20
89550.09 95553.57 3 20
140098.01 94976.71 1 20
135663.19 101352.58 2 20
126992.48 114888.02 3 20
143280.93 100447.42 1 20
157914.8 104069.39 4 20
154628.66 111884.36 0 20
157811.57 118386.02 4 20
156422.31 99324.88 0 20
128260.0 108542.73 3 20
145171.55 111763.66 0 20
134342.35 116330.24 2 20
156187.64 104230.83 0 20
153445.11 105692.36 0 20
136031.48 116337.93 2 20
149706.31 113487.97 0 20
144962.76 115743.72 0 20
148621.72 104109.77 0 20
151898.1 118510.81 0 20
152714.07 102553.56 0 20
152369.6 105340.01 0 20
146218.76 107517.07 1 20
139940.12 117051.68 1 20
136581.06 121227.51 1 20
143352.22 104136.96 1 20
146513.33 113525.01 0 20
34861.23 122656.22 3 20
19966.01 116185.69 3 20
25398.17 127460.02 3 20
44484.8 119254.4 3 20
20050.82 121256.94 3 20
18852.48 117763.31 3 20
35253.07 106415.57 3 20
40756.35 121670.75 3 20
42994.76 122885.43 3 20
57607.37 116886.0 3 20
52057.23 109194.1 3 20
40718.09 117685.71 3 20
38706.64 106748.56 3 20
42900.42 105600.55 3 20
43981.16 108031.86 3 20
38985.43 111080.35 3 20
47060.42 119799.32 3 20
39574.41 114364.48 3 20
24331.92 114800.23 3 20
27841.64 105724.87 3 20
42590.43 118733.41 3 20
52032.67 126927.24 3 20
35367.32 111506.78 3 20
26829.71 118831.11 3 20
45179.39 130381.6 3 20
33312.05 103007.59 3 20
54784.64 111976.53 3 20
40055.79 98770.31 3 20
51152.36 113195.64 3 20
31982.87 101954.03 3 20
52313.54 112593.01 3 20
50034.29 122245.71 3 20
36017.18 121592.92 3 20
49310.21 103840.98 3 20
30183.05 106755.43 3 20
56095.85 110504.1 3 20
36169.22 99447.8 3 20
53448.75 122233.42 3 20
35614.38 115945.05 3 20
48414.16 118223.03 3 20
49588.43 122400.81 3 20
44316.0 105267.66 3 20
33336.79 99862.56 3 20
46985.4 99436.64 3 20
34372.15 98209.45 3 20
48343.25 94607.07 3 20
27871.45 109585.12 3 20
55586.1 101638.65 3 20
40039.75 120923.62 3 20
52554.24 100921.51 3 20
51659.38 39206.42 3 20
51390.03 43813.01 3 20
75329.91 33345.58 3 20
55939.78 24581.21 3 20
83096.58 44393.17 3 20
56046.18 33937.35 3 20
58536.21 32694.71 3 20
75924.22 33001.08 3 20
71012.18 45360.95 3 20
75272.15 32283.97 3 20
74176.97 25190.61 3 20
66148.08 38598.02 3 20
68296.35 50051.48 3 20
61438.39 38463.42 3 20
79786.43 45204.16 3 20
60558.28 34153.74 3 20
65993.88 26570.48 3 20
56860.9 30984.63 3 20
57772.18 33416.93 3 20
81230.71 42163.77 3 20
79596.26 27626.25 3 20
56970.92 34848.03 3 20
64576.11 41304.2 3 20
79157.66 34664.82 3 20
51755.43 44477.71 3 20
113282.27 71394.53 1 20
128781.24 90799.97 3 20
137342.61 90284.98 1 20
112706.66 83960.42 3 20
142082.37 83724.31 3 20
129410.46 74747.48 1 20
127651.95 91343.33 3 20
131712.17 79836.94 1 20
132095.17 88584.64 2 20
141174.89 77035.35 3 20
113682.85 68306.92 3 20
122467.2 84760.5 2 20
108122.75 71258.47 1 20
124290.97 66569.22 0 20
119875.83 81071.97 4 20
109542.94 83844.67 2 20
120583.31 92535.85 3 20
127171.55 90580.29 3 20
121132.41 84711.7 3 20
105177.84 85006.74 3 20
117790.3 78595.27 2 20
130503.47 88411.23 2 20
139933.95 86485.91 1 20
140830.05 87819.09 1 20
125542.71 81022.45 1 20
